dep;week;clage_covid;nb_test;nb_pos;nb_test_h;nb_pos_h;nb_test_f;nb_pos_f
01;2020-S11;0;0;0;0;0;0;0
01;2020-S11;A;0;0;0;0;0;0
01;2020-S11;B;0;0;0;0;0;0
01;2020-S11;C;0;0;0;0;0;0
01;2020-S11;D;0;0;0;0;0;0
01;2020-S11;E;0;0;0;0;0;0
01;2020-S12;0;205;40;67;21;138;19
01;2020-S12;A;2;0;0;0;2;0
01;2020-S12;B;96;9;22;7;74;2
01;2020-S12;C;48;15;14;6;34;9
01;2020-S12;D;21;11;12;7;9;4
01;2020-S12;E;38;5;19;1;19;4
01;2020-S13;0;328;65;99;22;229;43
01;2020-S13;A;5;0;3;0;2;0
01;2020-S13;B;151;24;30;6;121;18
01;2020-S13;C;108;25;37;9;71;16
01;2020-S13;D;35;12;17;5;18;7
01;2020-S13;E;29;4;12;2;17;2
01;2020-S14;0;388;78;108;24;280;54
01;2020-S14;A;1;0;0;0;1;0
01;2020-S14;B;151;22;28;4;123;18
01;2020-S14;C;140;27;42;6;98;21
01;2020-S14;D;38;11;13;4;25;7
01;2020-S14;E;57;18;25;10;32;8
01;2020-S15;0;349;64;109;18;240;46
01;2020-S15;A;10;0;2;0;8;0
01;2020-S15;B;136;24;41;5;95;19
01;2020-S15;C;129;26;40;6;89;20
01;2020-S15;D;39;7;14;5;25;2
01;2020-S15;E;35;7;12;2;23;5
01;2020-S16;0;842;141;202;40;640;101
01;2020-S16;A;5;0;3;0;2;0
01;2020-S16;B;298;33;63;5;235;28
01;2020-S16;C;256;30;50;6;206;24
01;2020-S16;D;51;11;22;6;29;5
01;2020-S16;E;232;67;64;23;168;44
02;2020-S11;0;0;0;0;0;0;0
02;2020-S11;A;0;0;0;0;0;0
02;2020-S11;B;0;0;0;0;0;0
02;2020-S11;C;0;0;0;0;0;0
02;2020-S11;D;0;0;0;0;0;0
02;2020-S11;E;0;0;0;0;0;0
02;2020-S12;0;22;8;14;4;8;4
02;2020-S12;A;0;0;0;0;0;0
02;2020-S12;B;1;0;1;0;0;0
02;2020-S12;C;8;3;5;2;3;1
02;2020-S12;D;2;2;1;1;1;1
02;2020-S12;E;11;3;7;1;4;2
02;2020-S13;0;112;39;37;15;75;24
02;2020-S13;A;0;0;0;0;0;0
02;2020-S13;B;34;11;9;3;25;8
02;2020-S13;C;48;14;18;6;30;8
02;2020-S13;D;8;6;5;4;3;2
02;2020-S13;E;22;8;5;2;17;6
02;2020-S14;0;357;130;121;39;236;91
02;2020-S14;A;5;0;3;0;2;0
02;2020-S14;B;113;32;31;9;82;23
02;2020-S14;C;110;28;48;9;62;19
02;2020-S14;D;35;10;13;4;22;6
02;2020-S14;E;93;60;26;17;67;43
02;2020-S15;0;464;126;136;38;328;88
02;2020-S15;A;6;1;0;0;6;1
02;2020-S15;B;177;33;43;5;134;28
02;2020-S15;C;136;40;45;13;91;27
02;2020-S15;D;35;9;15;5;20;4
02;2020-S15;E;110;43;33;15;77;28
02;2020-S16;0;356;50;119;15;237;35
02;2020-S16;A;3;1;3;1;0;0
02;2020-S16;B;129;17;37;4;92;13
02;2020-S16;C;82;14;36;6;46;8
02;2020-S16;D;25;3;12;1;13;2
02;2020-S16;E;117;15;31;3;86;12
03;2020-S11;0;0;0;0;0;0;0
03;2020-S11;A;0;0;0;0;0;0
03;2020-S11;B;0;0;0;0;0;0
03;2020-S11;C;0;0;0;0;0;0
03;2020-S11;D;0;0;0;0;0;0
03;2020-S11;E;0;0;0;0;0;0
03;2020-S12;0;3;0;2;0;1;0
03;2020-S12;A;0;0;0;0;0;0
03;2020-S12;B;0;0;0;0;0;0
03;2020-S12;C;0;0;0;0;0;0
03;2020-S12;D;1;0;0;0;1;0
03;2020-S12;E;2;0;2;0;0;0
03;2020-S13;0;6;2;3;1;3;1
03;2020-S13;A;0;0;0;0;0;0
03;2020-S13;B;5;2;2;1;3;1
03;2020-S13;C;0;0;0;0;0;0
03;2020-S13;D;0;0;0;0;0;0
03;2020-S13;E;1;0;1;0;0;0
03;2020-S14;0;30;0;9;0;21;0
03;2020-S14;A;0;0;0;0;0;0
03;2020-S14;B;10;0;3;0;7;0
03;2020-S14;C;12;0;3;0;9;0
03;2020-S14;D;2;0;0;0;2;0
03;2020-S14;E;6;0;3;0;3;0
03;2020-S15;0;29;3;11;0;18;3
03;2020-S15;A;0;0;0;0;0;0
03;2020-S15;B;8;0;4;0;4;0
03;2020-S15;C;8;0;4;0;4;0
03;2020-S15;D;5;0;3;0;2;0
03;2020-S15;E;8;3;0;0;8;3
03;2020-S16;0;60;0;16;0;44;0
03;2020-S16;A;0;0;0;0;0;0
03;2020-S16;B;31;0;7;0;24;0
03;2020-S16;C;24;0;7;0;17;0
03;2020-S16;D;1;0;1;0;0;0
03;2020-S16;E;4;0;1;0;3;0
04;2020-S11;0;0;0;0;0;0;0
04;2020-S11;A;0;0;0;0;0;0
04;2020-S11;B;0;0;0;0;0;0
04;2020-S11;C;0;0;0;0;0;0
04;2020-S11;D;0;0;0;0;0;0
04;2020-S11;E;0;0;0;0;0;0
04;2020-S12;0;1;0;0;0;1;0
04;2020-S12;A;0;0;0;0;0;0
04;2020-S12;B;0;0;0;0;0;0
04;2020-S12;C;0;0;0;0;0;0
04;2020-S12;D;0;0;0;0;0;0
04;2020-S12;E;1;0;0;0;1;0
04;2020-S13;0;98;11;25;2;73;9
04;2020-S13;A;2;1;2;1;0;0
04;2020-S13;B;30;3;5;0;25;3
04;2020-S13;C;34;4;9;1;25;3
04;2020-S13;D;14;1;5;0;9;1
04;2020-S13;E;18;2;4;0;14;2
04;2020-S14;0;205;17;88;7;117;10
04;2020-S14;A;2;0;2;0;0;0
04;2020-S14;B;78;5;31;2;47;3
04;2020-S14;C;85;8;37;3;48;5
04;2020-S14;D;24;1;12;0;12;1
04;2020-S14;E;16;3;6;2;10;1
04;2020-S15;0;149;6;57;2;92;4
04;2020-S15;A;4;0;0;0;4;0
04;2020-S15;B;62;1;26;0;36;1
04;2020-S15;C;54;5;19;2;35;3
04;2020-S15;D;17;0;11;0;6;0
04;2020-S15;E;12;0;1;0;11;0
04;2020-S16;0;251;14;66;4;185;10
04;2020-S16;A;3;1;2;1;1;0
04;2020-S16;B;72;3;21;1;51;2
04;2020-S16;C;71;3;17;1;54;2
04;2020-S16;D;17;1;5;0;12;1
04;2020-S16;E;88;6;21;1;67;5
05;2020-S11;0;0;0;0;0;0;0
05;2020-S11;A;0;0;0;0;0;0
05;2020-S11;B;0;0;0;0;0;0
05;2020-S11;C;0;0;0;0;0;0
05;2020-S11;D;0;0;0;0;0;0
05;2020-S11;E;0;0;0;0;0;0
05;2020-S12;0;1;0;1;0;0;0
05;2020-S12;A;0;0;0;0;0;0
05;2020-S12;B;0;0;0;0;0;0
05;2020-S12;C;0;0;0;0;0;0
05;2020-S12;D;0;0;0;0;0;0
05;2020-S12;E;1;0;1;0;0;0
05;2020-S13;0;5;0;3;0;2;0
05;2020-S13;A;0;0;0;0;0;0
05;2020-S13;B;1;0;0;0;1;0
05;2020-S13;C;3;0;3;0;0;0
05;2020-S13;D;0;0;0;0;0;0
05;2020-S13;E;1;0;0;0;1;0
05;2020-S14;0;41;1;8;0;33;1
05;2020-S14;A;0;0;0;0;0;0
05;2020-S14;B;16;0;3;0;13;0
05;2020-S14;C;18;1;3;0;15;1
05;2020-S14;D;2;0;1;0;1;0
05;2020-S14;E;5;0;1;0;4;0
05;2020-S15;0;40;1;11;1;29;0
05;2020-S15;A;0;0;0;0;0;0
05;2020-S15;B;17;0;4;0;13;0
05;2020-S15;C;16;1;6;1;10;0
05;2020-S15;D;4;0;1;0;3;0
05;2020-S15;E;3;0;0;0;3;0
05;2020-S16;0;28;1;12;1;16;0
05;2020-S16;A;1;0;1;0;0;0
05;2020-S16;B;7;0;1;0;6;0
05;2020-S16;C;10;1;4;1;6;0
05;2020-S16;D;5;0;3;0;2;0
05;2020-S16;E;5;0;3;0;2;0
06;2020-S11;0;34;0;13;0;21;0
06;2020-S11;A;1;0;0;0;1;0
06;2020-S11;B;16;0;6;0;10;0
06;2020-S11;C;12;0;4;0;8;0
06;2020-S11;D;4;0;3;0;1;0
06;2020-S11;E;0;0;0;0;0;0
06;2020-S12;0;152;23;59;13;93;10
06;2020-S12;A;1;0;0;0;1;0
06;2020-S12;B;67;5;25;3;42;2
06;2020-S12;C;49;7;17;4;32;3
06;2020-S12;D;12;5;6;3;6;2
06;2020-S12;E;19;6;10;3;9;3
06;2020-S13;0;590;67;221;34;369;33
06;2020-S13;A;1;0;0;0;1;0
06;2020-S13;B;243;21;81;10;162;11
06;2020-S13;C;199;21;71;10;128;11
06;2020-S13;D;71;15;39;8;32;7
06;2020-S13;E;73;10;30;6;43;4
06;2020-S14;0;1310;94;484;41;826;53
06;2020-S14;A;13;0;9;0;4;0
06;2020-S14;B;568;31;188;10;380;21
06;2020-S14;C;507;35;195;15;312;20
06;2020-S14;D;109;16;42;9;67;7
06;2020-S14;E;110;12;48;7;62;5
06;2020-S15;0;1113;63;255;19;858;44
06;2020-S15;A;0;0;0;0;0;0
06;2020-S15;B;487;7;100;2;387;5
06;2020-S15;C;347;15;85;5;262;10
06;2020-S15;D;43;6;16;3;27;3
06;2020-S15;E;233;35;54;9;179;26
06;2020-S16;0;1123;15;268;5;855;10
06;2020-S16;A;1;0;0;0;1;0
06;2020-S16;B;298;4;66;2;232;2
06;2020-S16;C;262;8;64;3;198;5
06;2020-S16;D;42;0;12;0;30;0
06;2020-S16;E;519;3;126;0;393;3
07;2020-S11;0;0;0;0;0;0;0
07;2020-S11;A;0;0;0;0;0;0
07;2020-S11;B;0;0;0;0;0;0
07;2020-S11;C;0;0;0;0;0;0
07;2020-S11;D;0;0;0;0;0;0
07;2020-S11;E;0;0;0;0;0;0
07;2020-S12;0;133;40;45;18;88;22
07;2020-S12;A;0;0;0;0;0;0
07;2020-S12;B;56;12;14;3;42;9
07;2020-S12;C;43;14;13;5;30;9
07;2020-S12;D;12;6;8;6;4;0
07;2020-S12;E;22;8;10;4;12;4
07;2020-S13;0;84;23;33;7;51;16
07;2020-S13;A;0;0;0;0;0;0
07;2020-S13;B;21;7;5;1;16;6
07;2020-S13;C;29;7;10;2;19;5
07;2020-S13;D;11;4;7;1;4;3
07;2020-S13;E;23;5;11;3;12;2
07;2020-S14;0;108;22;28;9;80;13
07;2020-S14;A;2;0;0;0;2;0
07;2020-S14;B;32;2;4;2;28;0
07;2020-S14;C;39;9;10;1;29;8
07;2020-S14;D;13;3;4;1;9;2
07;2020-S14;E;22;8;10;5;12;3
07;2020-S15;0;106;19;31;6;75;13
07;2020-S15;A;1;0;0;0;1;0
07;2020-S15;B;32;2;4;1;28;1
07;2020-S15;C;44;8;14;1;30;7
07;2020-S15;D;11;3;7;3;4;0
07;2020-S15;E;18;6;6;1;12;5
07;2020-S16;0;118;26;43;12;75;14
07;2020-S16;A;0;0;0;0;0;0
07;2020-S16;B;28;0;4;0;24;0
07;2020-S16;C;31;7;13;3;18;4
07;2020-S16;D;9;2;6;2;3;0
07;2020-S16;E;50;17;20;7;30;10
08;2020-S11;0;0;0;0;0;0;0
08;2020-S11;A;0;0;0;0;0;0
08;2020-S11;B;0;0;0;0;0;0
08;2020-S11;C;0;0;0;0;0;0
08;2020-S11;D;0;0;0;0;0;0
08;2020-S11;E;0;0;0;0;0;0
08;2020-S12;0;7;1;3;0;4;1
08;2020-S12;A;0;0;0;0;0;0
08;2020-S12;B;3;1;2;0;1;1
08;2020-S12;C;2;0;1;0;1;0
08;2020-S12;D;0;0;0;0;0;0
08;2020-S12;E;2;0;0;0;2;0
08;2020-S13;0;63;11;23;5;40;6
08;2020-S13;A;1;0;0;0;1;0
08;2020-S13;B;35;5;11;2;24;3
08;2020-S13;C;20;6;8;3;12;3
08;2020-S13;D;0;0;0;0;0;0
08;2020-S13;E;7;0;4;0;3;0
08;2020-S14;0;143;19;55;6;88;13
08;2020-S14;A;2;0;1;0;1;0
08;2020-S14;B;65;5;23;1;42;4
08;2020-S14;C;51;9;18;2;33;7
08;2020-S14;D;12;2;7;2;5;0
08;2020-S14;E;13;3;6;1;7;2
08;2020-S15;0;178;23;62;9;116;14
08;2020-S15;A;6;0;3;0;3;0
08;2020-S15;B;57;3;11;1;46;2
08;2020-S15;C;65;3;25;0;40;3
08;2020-S15;D;17;3;10;3;7;0
08;2020-S15;E;33;14;13;5;20;9
08;2020-S16;0;118;11;46;6;72;5
08;2020-S16;A;3;0;1;0;2;0
08;2020-S16;B;58;2;19;1;39;1
08;2020-S16;C;38;6;17;3;21;3
08;2020-S16;D;10;2;4;1;6;1
08;2020-S16;E;9;1;5;1;4;0
09;2020-S11;0;0;0;0;0;0;0
09;2020-S11;A;0;0;0;0;0;0
09;2020-S11;B;0;0;0;0;0;0
09;2020-S11;C;0;0;0;0;0;0
09;2020-S11;D;0;0;0;0;0;0
09;2020-S11;E;0;0;0;0;0;0
09;2020-S12;0;12;3;3;0;9;3
09;2020-S12;A;0;0;0;0;0;0
09;2020-S12;B;6;2;0;0;6;2
09;2020-S12;C;2;0;1;0;1;0
09;2020-S12;D;2;1;0;0;2;1
09;2020-S12;E;2;0;2;0;0;0
09;2020-S13;0;27;0;6;0;21;0
09;2020-S13;A;1;0;0;0;1;0
09;2020-S13;B;11;0;1;0;10;0
09;2020-S13;C;8;0;2;0;6;0
09;2020-S13;D;3;0;2;0;1;0
09;2020-S13;E;4;0;1;0;3;0
09;2020-S14;0;39;2;16;1;23;1
09;2020-S14;A;2;0;1;0;1;0
09;2020-S14;B;16;1;4;0;12;1
09;2020-S14;C;16;1;8;1;8;0
09;2020-S14;D;1;0;0;0;1;0
09;2020-S14;E;4;0;3;0;1;0
09;2020-S15;0;85;2;24;0;61;2
09;2020-S15;A;1;0;1;0;0;0
09;2020-S15;B;33;1;10;0;23;1
09;2020-S15;C;40;1;9;0;31;1
09;2020-S15;D;5;0;3;0;2;0
09;2020-S15;E;5;0;0;0;5;0
09;2020-S16;0;52;0;13;0;39;0
09;2020-S16;A;1;0;0;0;1;0
09;2020-S16;B;20;0;6;0;14;0
09;2020-S16;C;25;0;5;0;20;0
09;2020-S16;D;4;0;1;0;3;0
09;2020-S16;E;2;0;1;0;1;0
10;2020-S11;0;7;0;3;0;4;0
10;2020-S11;A;0;0;0;0;0;0
10;2020-S11;B;1;0;0;0;1;0
10;2020-S11;C;1;0;0;0;1;0
10;2020-S11;D;2;0;2;0;0;0
10;2020-S11;E;3;0;1;0;2;0
10;2020-S12;0;40;7;13;1;27;6
10;2020-S12;A;1;0;0;0;1;0
10;2020-S12;B;20;4;4;1;16;3
10;2020-S12;C;13;3;5;0;8;3
10;2020-S12;D;4;0;2;0;2;0
10;2020-S12;E;2;0;2;0;0;0
10;2020-S13;0;237;54;63;19;174;35
10;2020-S13;A;6;0;1;0;5;0
10;2020-S13;B;117;27;22;6;95;21
10;2020-S13;C;73;17;18;5;55;12
10;2020-S13;D;12;3;5;3;7;0
10;2020-S13;E;29;7;17;5;12;2
10;2020-S14;0;413;82;126;28;287;54
10;2020-S14;A;2;1;0;0;2;1
10;2020-S14;B;204;35;51;9;153;26
10;2020-S14;C;141;29;42;11;99;18
10;2020-S14;D;29;8;17;4;12;4
10;2020-S14;E;35;9;14;4;21;5
10;2020-S15;0;503;110;193;30;310;80
10;2020-S15;A;8;1;5;1;3;0
10;2020-S15;B;209;36;84;7;125;29
10;2020-S15;C;169;35;61;10;108;25
10;2020-S15;D;49;12;20;4;29;8
10;2020-S15;E;68;26;23;8;45;18
10;2020-S16;0;286;55;73;16;213;39
10;2020-S16;A;5;0;2;0;3;0
10;2020-S16;B;118;20;41;8;77;12
10;2020-S16;C;93;16;19;5;74;11
10;2020-S16;D;10;1;4;0;6;1
10;2020-S16;E;60;18;7;3;53;15
11;2020-S11;0;0;0;0;0;0;0
11;2020-S11;A;0;0;0;0;0;0
11;2020-S11;B;0;0;0;0;0;0
11;2020-S11;C;0;0;0;0;0;0
11;2020-S11;D;0;0;0;0;0;0
11;2020-S11;E;0;0;0;0;0;0
11;2020-S12;0;67;11;22;6;45;5
11;2020-S12;A;0;0;0;0;0;0
11;2020-S12;B;25;4;7;2;18;2
11;2020-S12;C;20;2;4;1;16;1
11;2020-S12;D;4;0;2;0;2;0
11;2020-S12;E;16;3;7;1;9;2
11;2020-S13;0;219;31;78;15;141;16
11;2020-S13;A;4;0;2;0;2;0
11;2020-S13;B;73;8;19;4;54;4
11;2020-S13;C;73;10;30;4;43;6
11;2020-S13;D;23;3;13;3;10;0
11;2020-S13;E;45;10;14;4;31;6
11;2020-S14;0;210;36;80;17;130;19
11;2020-S14;A;3;0;1;0;2;0
11;2020-S14;B;87;9;31;3;56;6
11;2020-S14;C;57;4;20;3;37;1
11;2020-S14;D;25;8;13;4;12;4
11;2020-S14;E;38;15;15;7;23;8
11;2020-S15;0;184;35;72;13;112;22
11;2020-S15;A;0;0;0;0;0;0
11;2020-S15;B;55;4;13;1;42;3
11;2020-S15;C;51;5;19;2;32;3
11;2020-S15;D;34;8;20;4;14;4
11;2020-S15;E;40;17;18;6;22;11
11;2020-S16;0;163;1;47;0;116;1
11;2020-S16;A;2;0;1;0;1;0
11;2020-S16;B;55;0;17;0;38;0
11;2020-S16;C;54;0;9;0;45;0
11;2020-S16;D;17;1;9;0;8;1
11;2020-S16;E;35;0;11;0;24;0
12;2020-S11;0;0;0;0;0;0;0
12;2020-S11;A;0;0;0;0;0;0
12;2020-S11;B;0;0;0;0;0;0
12;2020-S11;C;0;0;0;0;0;0
12;2020-S11;D;0;0;0;0;0;0
12;2020-S11;E;0;0;0;0;0;0
12;2020-S12;0;2;1;0;0;2;1
12;2020-S12;A;0;0;0;0;0;0
12;2020-S12;B;1;0;0;0;1;0
12;2020-S12;C;1;1;0;0;1;1
12;2020-S12;D;0;0;0;0;0;0
12;2020-S12;E;0;0;0;0;0;0
12;2020-S13;0;7;1;0;0;7;1
12;2020-S13;A;0;0;0;0;0;0
12;2020-S13;B;3;0;0;0;3;0
12;2020-S13;C;4;1;0;0;4;1
12;2020-S13;D;0;0;0;0;0;0
12;2020-S13;E;0;0;0;0;0;0
12;2020-S14;0;8;1;0;0;8;1
12;2020-S14;A;0;0;0;0;0;0
12;2020-S14;B;4;1;0;0;4;1
12;2020-S14;C;3;0;0;0;3;0
12;2020-S14;D;0;0;0;0;0;0
12;2020-S14;E;1;0;0;0;1;0
12;2020-S15;0;3;0;1;0;2;0
12;2020-S15;A;0;0;0;0;0;0
12;2020-S15;B;2;0;1;0;1;0
12;2020-S15;C;1;0;0;0;1;0
12;2020-S15;D;0;0;0;0;0;0
12;2020-S15;E;0;0;0;0;0;0
12;2020-S16;0;3;0;0;0;3;0
12;2020-S16;A;0;0;0;0;0;0
12;2020-S16;B;0;0;0;0;0;0
12;2020-S16;C;1;0;0;0;1;0
12;2020-S16;D;1;0;0;0;1;0
12;2020-S16;E;1;0;0;0;1;0
13;2020-S11;0;13;1;3;1;10;0
13;2020-S11;A;2;0;1;0;1;0
13;2020-S11;B;6;1;1;1;5;0
13;2020-S11;C;3;0;1;0;2;0
13;2020-S11;D;2;0;0;0;2;0
13;2020-S11;E;0;0;0;0;0;0
13;2020-S12;0;308;45;117;15;191;30
13;2020-S12;A;18;0;11;0;7;0
13;2020-S12;B;135;20;47;7;88;13
13;2020-S12;C;93;15;32;5;61;10
13;2020-S12;D;31;8;15;3;16;5
13;2020-S12;E;31;2;12;0;19;2
13;2020-S13;0;3491;684;1340;303;2151;381
13;2020-S13;A;57;5;28;2;29;3
13;2020-S13;B;1409;258;472;95;937;163
13;2020-S13;C;1271;272;488;120;783;152
13;2020-S13;D;401;82;191;46;210;36
13;2020-S13;E;342;64;156;39;186;25
13;2020-S14;0;3960;450;1519;184;2441;266
13;2020-S14;A;84;8;41;5;43;3
13;2020-S14;B;1557;158;518;51;1039;107
13;2020-S14;C;1492;166;552;70;940;96
13;2020-S14;D;432;47;223;21;209;26
13;2020-S14;E;386;70;180;36;206;34
13;2020-S15;0;4266;429;1472;155;2794;274
13;2020-S15;A;63;2;25;2;38;0
13;2020-S15;B;1482;101;484;35;998;66
13;2020-S15;C;1252;113;471;44;781;69
13;2020-S15;D;421;47;190;26;231;21
13;2020-S15;E;1006;164;293;48;713;116
13;2020-S16;0;5202;244;1511;98;3691;146
13;2020-S16;A;58;3;29;2;29;1
13;2020-S16;B;1472;52;433;19;1039;33
13;2020-S16;C;1272;48;409;17;863;31
13;2020-S16;D;413;33;182;21;231;12
13;2020-S16;E;1970;108;454;39;1516;69
14;2020-S11;0;4;1;2;1;2;0
14;2020-S11;A;0;0;0;0;0;0
14;2020-S11;B;2;0;1;0;1;0
14;2020-S11;C;1;0;0;0;1;0
14;2020-S11;D;0;0;0;0;0;0
14;2020-S11;E;1;1;1;1;0;0
14;2020-S12;0;71;6;30;2;41;4
14;2020-S12;A;1;0;1;0;0;0
14;2020-S12;B;23;0;6;0;17;0
14;2020-S12;C;23;3;11;1;12;2
14;2020-S12;D;7;0;5;0;2;0
14;2020-S12;E;17;3;7;1;10;2
14;2020-S13;0;278;55;75;15;203;40
14;2020-S13;A;2;0;0;0;2;0
14;2020-S13;B;125;28;25;5;100;23
14;2020-S13;C;88;17;24;5;64;12
14;2020-S13;D;25;5;15;3;10;2
14;2020-S13;E;38;5;11;2;27;3
14;2020-S14;0;254;39;95;18;159;21
14;2020-S14;A;0;0;0;0;0;0
14;2020-S14;B;118;17;36;12;82;5
14;2020-S14;C;70;8;27;1;43;7
14;2020-S14;D;34;5;19;3;15;2
14;2020-S14;E;32;9;13;2;19;7
14;2020-S15;0;442;38;154;11;288;27
14;2020-S15;A;5;0;3;0;2;0
14;2020-S15;B;174;23;61;8;113;15
14;2020-S15;C;101;9;33;2;68;7
14;2020-S15;D;43;1;22;0;21;1
14;2020-S15;E;118;5;35;1;83;4
14;2020-S16;0;204;11;73;3;131;8
14;2020-S16;A;4;0;4;0;0;0
14;2020-S16;B;86;4;32;1;54;3
14;2020-S16;C;76;2;24;1;52;1
14;2020-S16;D;18;3;9;1;9;2
14;2020-S16;E;19;2;4;0;15;2
15;2020-S11;0;0;0;0;0;0;0
15;2020-S11;A;0;0;0;0;0;0
15;2020-S11;B;0;0;0;0;0;0
15;2020-S11;C;0;0;0;0;0;0
15;2020-S11;D;0;0;0;0;0;0
15;2020-S11;E;0;0;0;0;0;0
15;2020-S12;0;2;0;2;0;0;0
15;2020-S12;A;0;0;0;0;0;0
15;2020-S12;B;0;0;0;0;0;0
15;2020-S12;C;1;0;1;0;0;0
15;2020-S12;D;1;0;1;0;0;0
15;2020-S12;E;0;0;0;0;0;0
15;2020-S13;0;25;3;10;1;15;2
15;2020-S13;A;0;0;0;0;0;0
15;2020-S13;B;6;3;2;1;4;2
15;2020-S13;C;4;0;2;0;2;0
15;2020-S13;D;2;0;1;0;1;0
15;2020-S13;E;13;0;5;0;8;0
15;2020-S14;0;8;1;1;0;7;1
15;2020-S14;A;1;0;0;0;1;0
15;2020-S14;B;3;1;0;0;3;1
15;2020-S14;C;3;0;1;0;2;0
15;2020-S14;D;0;0;0;0;0;0
15;2020-S14;E;1;0;0;0;1;0
15;2020-S15;0;2;1;0;0;2;1
15;2020-S15;A;0;0;0;0;0;0
15;2020-S15;B;1;0;0;0;1;0
15;2020-S15;C;0;0;0;0;0;0
15;2020-S15;D;0;0;0;0;0;0
15;2020-S15;E;1;1;0;0;1;1
15;2020-S16;0;0;0;0;0;0;0
15;2020-S16;A;0;0;0;0;0;0
15;2020-S16;B;0;0;0;0;0;0
15;2020-S16;C;0;0;0;0;0;0
15;2020-S16;D;0;0;0;0;0;0
15;2020-S16;E;0;0;0;0;0;0
16;2020-S11;0;0;0;0;0;0;0
16;2020-S11;A;0;0;0;0;0;0
16;2020-S11;B;0;0;0;0;0;0
16;2020-S11;C;0;0;0;0;0;0
16;2020-S11;D;0;0;0;0;0;0
16;2020-S11;E;0;0;0;0;0;0
16;2020-S12;0;2;0;1;0;1;0
16;2020-S12;A;0;0;0;0;0;0
16;2020-S12;B;2;0;1;0;1;0
16;2020-S12;C;0;0;0;0;0;0
16;2020-S12;D;0;0;0;0;0;0
16;2020-S12;E;0;0;0;0;0;0
16;2020-S13;0;22;4;5;1;17;3
16;2020-S13;A;0;0;0;0;0;0
16;2020-S13;B;12;1;3;1;9;0
16;2020-S13;C;9;2;2;0;7;2
16;2020-S13;D;1;1;0;0;1;1
16;2020-S13;E;0;0;0;0;0;0
16;2020-S14;0;75;6;20;3;55;3
16;2020-S14;A;1;0;0;0;1;0
16;2020-S14;B;33;0;7;0;26;0
16;2020-S14;C;30;4;9;2;21;2
16;2020-S14;D;7;0;2;0;5;0
16;2020-S14;E;4;2;2;1;2;1
16;2020-S15;0;96;9;38;7;58;2
16;2020-S15;A;4;0;2;0;2;0
16;2020-S15;B;43;4;14;3;29;1
16;2020-S15;C;30;1;12;1;18;0
16;2020-S15;D;10;3;6;3;4;0
16;2020-S15;E;8;1;4;0;4;1
16;2020-S16;0;38;1;15;1;23;0
16;2020-S16;A;0;0;0;0;0;0
16;2020-S16;B;22;0;8;0;14;0
16;2020-S16;C;7;1;4;1;3;0
16;2020-S16;D;4;0;1;0;3;0
16;2020-S16;E;5;0;2;0;3;0
17;2020-S11;0;3;0;2;0;1;0
17;2020-S11;A;1;0;1;0;0;0
17;2020-S11;B;2;0;1;0;1;0
17;2020-S11;C;0;0;0;0;0;0
17;2020-S11;D;0;0;0;0;0;0
17;2020-S11;E;0;0;0;0;0;0
17;2020-S12;0;37;4;13;0;24;4
17;2020-S12;A;1;0;0;0;1;0
17;2020-S12;B;13;1;4;0;9;1
17;2020-S12;C;17;3;5;0;12;3
17;2020-S12;D;2;0;2;0;0;0
17;2020-S12;E;4;0;2;0;2;0
17;2020-S13;0;247;21;74;7;173;14
17;2020-S13;A;2;0;0;0;2;0
17;2020-S13;B;108;7;28;2;80;5
17;2020-S13;C;96;9;27;2;69;7
17;2020-S13;D;21;4;12;3;9;1
17;2020-S13;E;20;1;7;0;13;1
17;2020-S14;0;375;29;113;13;262;16
17;2020-S14;A;5;0;3;0;2;0
17;2020-S14;B;159;9;44;3;115;6
17;2020-S14;C;142;12;35;7;107;5
17;2020-S14;D;36;4;18;1;18;3
17;2020-S14;E;33;4;13;2;20;2
17;2020-S15;0;794;22;234;5;560;17
17;2020-S15;A;10;0;5;0;5;0
17;2020-S15;B;221;11;57;1;164;10
17;2020-S15;C;231;6;57;1;174;5
17;2020-S15;D;52;2;27;1;25;1
17;2020-S15;E;252;3;80;2;172;1
17;2020-S16;0;1498;54;368;16;1130;38
17;2020-S16;A;9;0;6;0;3;0
17;2020-S16;B;525;9;100;1;425;8
17;2020-S16;C;457;8;107;0;350;8
17;2020-S16;D;85;4;46;2;39;2
17;2020-S16;E;420;33;108;13;312;20
18;2020-S11;0;3;0;1;0;2;0
18;2020-S11;A;0;0;0;0;0;0
18;2020-S11;B;3;0;1;0;2;0
18;2020-S11;C;0;0;0;0;0;0
18;2020-S11;D;0;0;0;0;0;0
18;2020-S11;E;0;0;0;0;0;0
18;2020-S12;0;42;10;11;3;31;7
18;2020-S12;A;2;0;0;0;2;0
18;2020-S12;B;22;4;5;1;17;3
18;2020-S12;C;10;5;2;2;8;3
18;2020-S12;D;3;1;1;0;2;1
18;2020-S12;E;5;0;3;0;2;0
18;2020-S13;0;170;47;43;18;127;29
18;2020-S13;A;2;0;1;0;1;0
18;2020-S13;B;79;13;14;2;65;11
18;2020-S13;C;52;16;13;6;39;10
18;2020-S13;D;12;8;7;7;5;1
18;2020-S13;E;25;10;8;3;17;7
18;2020-S14;0;191;48;55;13;136;35
18;2020-S14;A;1;0;1;0;0;0
18;2020-S14;B;87;11;18;3;69;8
18;2020-S14;C;52;14;16;1;36;13
18;2020-S14;D;13;3;6;1;7;2
18;2020-S14;E;38;20;14;8;24;12
18;2020-S15;0;224;72;50;13;174;59
18;2020-S15;A;0;0;0;0;0;0
18;2020-S15;B;91;23;24;5;67;18
18;2020-S15;C;77;13;12;0;65;13
18;2020-S15;D;6;3;3;2;3;1
18;2020-S15;E;50;33;11;6;39;27
18;2020-S16;0;206;37;48;7;158;30
18;2020-S16;A;1;0;0;0;1;0
18;2020-S16;B;82;11;18;0;64;11
18;2020-S16;C;89;16;18;4;71;12
18;2020-S16;D;10;2;5;1;5;1
18;2020-S16;E;24;8;7;2;17;6
19;2020-S11;0;1;0;1;0;0;0
19;2020-S11;A;0;0;0;0;0;0
19;2020-S11;B;0;0;0;0;0;0
19;2020-S11;C;0;0;0;0;0;0
19;2020-S11;D;1;0;1;0;0;0
19;2020-S11;E;0;0;0;0;0;0
19;2020-S12;0;4;0;2;0;2;0
19;2020-S12;A;0;0;0;0;0;0
19;2020-S12;B;0;0;0;0;0;0
19;2020-S12;C;3;0;1;0;2;0
19;2020-S12;D;0;0;0;0;0;0
19;2020-S12;E;1;0;1;0;0;0
19;2020-S13;0;50;4;20;2;30;2
19;2020-S13;A;0;0;0;0;0;0
19;2020-S13;B;15;0;4;0;11;0
19;2020-S13;C;22;2;10;1;12;1
19;2020-S13;D;4;1;1;0;3;1
19;2020-S13;E;8;1;4;1;4;0
19;2020-S14;0;27;3;5;1;22;2
19;2020-S14;A;0;0;0;0;0;0
19;2020-S14;B;11;0;3;0;8;0
19;2020-S14;C;6;0;0;0;6;0
19;2020-S14;D;2;0;0;0;2;0
19;2020-S14;E;8;3;2;1;6;2
19;2020-S15;0;28;6;10;3;18;3
19;2020-S15;A;0;0;0;0;0;0
19;2020-S15;B;10;0;3;0;7;0
19;2020-S15;C;10;4;4;2;6;2
19;2020-S15;D;2;0;1;0;1;0
19;2020-S15;E;6;2;2;1;4;1
19;2020-S16;0;7;0;1;0;6;0
19;2020-S16;A;0;0;0;0;0;0
19;2020-S16;B;5;0;1;0;4;0
19;2020-S16;C;1;0;0;0;1;0
19;2020-S16;D;1;0;0;0;1;0
19;2020-S16;E;0;0;0;0;0;0
21;2020-S11;0;1;0;0;0;1;0
21;2020-S11;A;0;0;0;0;0;0
21;2020-S11;B;1;0;0;0;1;0
21;2020-S11;C;0;0;0;0;0;0
21;2020-S11;D;0;0;0;0;0;0
21;2020-S11;E;0;0;0;0;0;0
21;2020-S12;0;33;6;14;2;19;4
21;2020-S12;A;2;0;1;0;1;0
21;2020-S12;B;19;4;7;0;12;4
21;2020-S12;C;5;1;2;1;3;0
21;2020-S12;D;1;0;1;0;0;0
21;2020-S12;E;6;1;3;1;3;0
21;2020-S13;0;82;20;20;4;62;16
21;2020-S13;A;4;0;3;0;1;0
21;2020-S13;B;40;8;5;1;35;7
21;2020-S13;C;22;8;7;3;15;5
21;2020-S13;D;5;3;1;0;4;3
21;2020-S13;E;11;1;4;0;7;1
21;2020-S14;0;151;31;47;10;104;21
21;2020-S14;A;7;1;3;0;4;1
21;2020-S14;B;62;13;16;1;46;12
21;2020-S14;C;58;12;20;6;38;6
21;2020-S14;D;11;3;4;2;7;1
21;2020-S14;E;13;2;4;1;9;1
21;2020-S15;0;103;16;29;4;74;12
21;2020-S15;A;0;0;0;0;0;0
21;2020-S15;B;42;4;10;1;32;3
21;2020-S15;C;45;9;13;1;32;8
21;2020-S15;D;8;0;1;0;7;0
21;2020-S15;E;8;3;5;2;3;1
21;2020-S16;0;156;8;28;1;128;7
21;2020-S16;A;2;0;1;0;1;0
21;2020-S16;B;55;4;6;0;49;4
21;2020-S16;C;27;3;6;1;21;2
21;2020-S16;D;7;1;1;0;6;1
21;2020-S16;E;64;0;14;0;50;0
22;2020-S11;0;0;0;0;0;0;0
22;2020-S11;A;0;0;0;0;0;0
22;2020-S11;B;0;0;0;0;0;0
22;2020-S11;C;0;0;0;0;0;0
22;2020-S11;D;0;0;0;0;0;0
22;2020-S11;E;0;0;0;0;0;0
22;2020-S12;0;2;0;1;0;1;0
22;2020-S12;A;0;0;0;0;0;0
22;2020-S12;B;1;0;0;0;1;0
22;2020-S12;C;0;0;0;0;0;0
22;2020-S12;D;0;0;0;0;0;0
22;2020-S12;E;1;0;1;0;0;0
22;2020-S13;0;6;0;4;0;2;0
22;2020-S13;A;0;0;0;0;0;0
22;2020-S13;B;3;0;1;0;2;0
22;2020-S13;C;2;0;2;0;0;0
22;2020-S13;D;1;0;1;0;0;0
22;2020-S13;E;0;0;0;0;0;0
22;2020-S14;0;15;0;4;0;11;0
22;2020-S14;A;0;0;0;0;0;0
22;2020-S14;B;4;0;1;0;3;0
22;2020-S14;C;6;0;0;0;6;0
22;2020-S14;D;4;0;2;0;2;0
22;2020-S14;E;1;0;1;0;0;0
22;2020-S15;0;12;0;5;0;7;0
22;2020-S15;A;0;0;0;0;0;0
22;2020-S15;B;4;0;0;0;4;0
22;2020-S15;C;3;0;2;0;1;0
22;2020-S15;D;1;0;0;0;1;0
22;2020-S15;E;4;0;3;0;1;0
22;2020-S16;0;9;0;5;0;4;0
22;2020-S16;A;0;0;0;0;0;0
22;2020-S16;B;5;0;4;0;1;0
22;2020-S16;C;3;0;1;0;2;0
22;2020-S16;D;0;0;0;0;0;0
22;2020-S16;E;1;0;0;0;1;0
23;2020-S11;0;0;0;0;0;0;0
23;2020-S11;A;0;0;0;0;0;0
23;2020-S11;B;0;0;0;0;0;0
23;2020-S11;C;0;0;0;0;0;0
23;2020-S11;D;0;0;0;0;0;0
23;2020-S11;E;0;0;0;0;0;0
23;2020-S12;0;0;0;0;0;0;0
23;2020-S12;A;0;0;0;0;0;0
23;2020-S12;B;0;0;0;0;0;0
23;2020-S12;C;0;0;0;0;0;0
23;2020-S12;D;0;0;0;0;0;0
23;2020-S12;E;0;0;0;0;0;0
23;2020-S13;0;1;0;0;0;1;0
23;2020-S13;A;0;0;0;0;0;0
23;2020-S13;B;0;0;0;0;0;0
23;2020-S13;C;0;0;0;0;0;0
23;2020-S13;D;0;0;0;0;0;0
23;2020-S13;E;1;0;0;0;1;0
23;2020-S14;0;5;2;1;0;4;2
23;2020-S14;A;0;0;0;0;0;0
23;2020-S14;B;4;2;1;0;3;2
23;2020-S14;C;1;0;0;0;1;0
23;2020-S14;D;0;0;0;0;0;0
23;2020-S14;E;0;0;0;0;0;0
23;2020-S15;0;3;3;1;1;2;2
23;2020-S15;A;0;0;0;0;0;0
23;2020-S15;B;0;0;0;0;0;0
23;2020-S15;C;2;2;0;0;2;2
23;2020-S15;D;0;0;0;0;0;0
23;2020-S15;E;1;1;1;1;0;0
23;2020-S16;0;3;1;0;0;3;1
23;2020-S16;A;0;0;0;0;0;0
23;2020-S16;B;0;0;0;0;0;0
23;2020-S16;C;2;1;0;0;2;1
23;2020-S16;D;0;0;0;0;0;0
23;2020-S16;E;1;0;0;0;1;0
24;2020-S11;0;3;0;1;0;2;0
24;2020-S11;A;0;0;0;0;0;0
24;2020-S11;B;1;0;0;0;1;0
24;2020-S11;C;2;0;1;0;1;0
24;2020-S11;D;0;0;0;0;0;0
24;2020-S11;E;0;0;0;0;0;0
24;2020-S12;0;15;2;5;0;10;2
24;2020-S12;A;0;0;0;0;0;0
24;2020-S12;B;3;0;0;0;3;0
24;2020-S12;C;8;1;2;0;6;1
24;2020-S12;D;3;1;2;0;1;1
24;2020-S12;E;1;0;1;0;0;0
24;2020-S13;0;111;12;34;5;77;7
24;2020-S13;A;1;0;0;0;1;0
24;2020-S13;B;47;3;9;1;38;2
24;2020-S13;C;35;6;12;3;23;3
24;2020-S13;D;12;1;8;0;4;1
24;2020-S13;E;14;1;5;1;9;0
24;2020-S14;0;142;7;45;3;97;4
24;2020-S14;A;1;0;1;0;0;0
24;2020-S14;B;54;2;10;0;44;2
24;2020-S14;C;58;4;20;2;38;2
24;2020-S14;D;14;1;8;1;6;0
24;2020-S14;E;15;0;6;0;9;0
24;2020-S15;0;130;3;32;2;98;1
24;2020-S15;A;1;0;0;0;1;0
24;2020-S15;B;49;0;7;0;42;0
24;2020-S15;C;45;2;15;2;30;0
24;2020-S15;D;15;1;7;0;8;1
24;2020-S15;E;6;0;2;0;4;0
24;2020-S16;0;77;0;18;0;59;0
24;2020-S16;A;0;0;0;0;0;0
24;2020-S16;B;24;0;9;0;15;0
24;2020-S16;C;20;0;3;0;17;0
24;2020-S16;D;4;0;2;0;2;0
24;2020-S16;E;29;0;4;0;25;0
25;2020-S11;0;1;1;1;1;0;0
25;2020-S11;A;0;0;0;0;0;0
25;2020-S11;B;1;1;1;1;0;0
25;2020-S11;C;0;0;0;0;0;0
25;2020-S11;D;0;0;0;0;0;0
25;2020-S11;E;0;0;0;0;0;0
25;2020-S12;0;8;1;4;1;4;0
25;2020-S12;A;0;0;0;0;0;0
25;2020-S12;B;5;1;2;1;3;0
25;2020-S12;C;1;0;1;0;0;0
25;2020-S12;D;1;0;1;0;0;0
25;2020-S12;E;1;0;0;0;1;0
25;2020-S13;0;135;47;36;15;99;32
25;2020-S13;A;0;0;0;0;0;0
25;2020-S13;B;60;21;10;3;50;18
25;2020-S13;C;51;20;17;9;34;11
25;2020-S13;D;9;3;6;3;3;0
25;2020-S13;E;15;3;3;0;12;3
25;2020-S14;0;185;41;54;10;131;31
25;2020-S14;A;0;0;0;0;0;0
25;2020-S14;B;85;17;18;3;67;14
25;2020-S14;C;67;11;20;1;47;10
25;2020-S14;D;17;6;9;2;8;4
25;2020-S14;E;16;7;7;4;9;3
25;2020-S15;0;201;54;50;13;151;41
25;2020-S15;A;1;0;0;0;1;0
25;2020-S15;B;79;20;16;3;63;17
25;2020-S15;C;79;20;20;6;59;14
25;2020-S15;D;17;5;9;2;8;3
25;2020-S15;E;25;9;5;2;20;7
25;2020-S16;0;181;38;51;10;130;28
25;2020-S16;A;3;0;1;0;2;0
25;2020-S16;B;73;7;11;0;62;7
25;2020-S16;C;52;15;21;5;31;10
25;2020-S16;D;6;2;2;0;4;2
25;2020-S16;E;47;14;16;5;31;9
26;2020-S11;0;3;1;1;0;2;1
26;2020-S11;A;0;0;0;0;0;0
26;2020-S11;B;1;0;1;0;0;0
26;2020-S11;C;0;0;0;0;0;0
26;2020-S11;D;1;0;0;0;1;0
26;2020-S11;E;1;1;0;0;1;1
26;2020-S12;0;70;19;27;9;43;10
26;2020-S12;A;0;0;0;0;0;0
26;2020-S12;B;22;2;6;1;16;1
26;2020-S12;C;19;4;6;2;13;2
26;2020-S12;D;14;7;9;4;5;3
26;2020-S12;E;15;6;6;2;9;4
26;2020-S13;0;152;40;54;19;98;21
26;2020-S13;A;0;0;0;0;0;0
26;2020-S13;B;65;12;20;5;45;7
26;2020-S13;C;50;14;14;6;36;8
26;2020-S13;D;16;5;9;4;7;1
26;2020-S13;E;21;9;11;4;10;5
26;2020-S14;0;177;23;73;12;104;11
26;2020-S14;A;3;0;1;0;2;0
26;2020-S14;B;60;3;20;1;40;2
26;2020-S14;C;65;7;30;3;35;4
26;2020-S14;D;20;6;8;4;12;2
26;2020-S14;E;29;7;14;4;15;3
26;2020-S15;0;132;18;49;4;83;14
26;2020-S15;A;0;0;0;0;0;0
26;2020-S15;B;34;5;11;0;23;5
26;2020-S15;C;52;4;24;3;28;1
26;2020-S15;D;20;1;8;0;12;1
26;2020-S15;E;25;8;6;1;19;7
26;2020-S16;0;144;6;47;2;97;4
26;2020-S16;A;0;0;0;0;0;0
26;2020-S16;B;67;2;19;1;48;1
26;2020-S16;C;45;2;12;1;33;1
26;2020-S16;D;14;0;7;0;7;0
26;2020-S16;E;18;2;9;0;9;2
27;2020-S11;0;1;0;1;0;0;0
27;2020-S11;A;0;0;0;0;0;0
27;2020-S11;B;1;0;1;0;0;0
27;2020-S11;C;0;0;0;0;0;0
27;2020-S11;D;0;0;0;0;0;0
27;2020-S11;E;0;0;0;0;0;0
27;2020-S12;0;41;6;11;3;30;3
27;2020-S12;A;0;0;0;0;0;0
27;2020-S12;B;23;3;4;1;19;2
27;2020-S12;C;10;2;4;1;6;1
27;2020-S12;D;2;1;1;1;1;0
27;2020-S12;E;6;0;2;0;4;0
27;2020-S13;0;269;48;75;19;194;29
27;2020-S13;A;1;0;1;0;0;0
27;2020-S13;B;94;5;15;2;79;3
27;2020-S13;C;90;20;25;7;65;13
27;2020-S13;D;25;7;17;5;8;2
27;2020-S13;E;40;15;11;4;29;11
27;2020-S14;0;353;79;100;21;253;58
27;2020-S14;A;3;0;3;0;0;0
27;2020-S14;B;168;33;33;7;135;26
27;2020-S14;C;121;27;32;3;89;24
27;2020-S14;D;28;7;16;5;12;2
27;2020-S14;E;29;10;15;5;14;5
27;2020-S15;0;793;175;231;44;562;131
27;2020-S15;A;4;2;1;1;3;1
27;2020-S15;B;195;31;42;4;153;27
27;2020-S15;C;180;41;56;9;124;32
27;2020-S15;D;72;11;41;5;31;6
27;2020-S15;E;333;90;91;25;242;65
27;2020-S16;0;758;115;215;33;543;82
27;2020-S16;A;6;0;5;0;1;0
27;2020-S16;B;345;19;76;3;269;16
27;2020-S16;C;204;27;66;11;138;16
27;2020-S16;D;53;14;28;8;25;6
27;2020-S16;E;150;55;40;11;110;44
28;2020-S11;0;8;3;4;1;4;2
28;2020-S11;A;0;0;0;0;0;0
28;2020-S11;B;0;0;0;0;0;0
28;2020-S11;C;3;1;2;0;1;1
28;2020-S11;D;1;1;0;0;1;1
28;2020-S11;E;4;1;2;1;2;0
28;2020-S12;0;31;7;12;4;19;3
28;2020-S12;A;0;0;0;0;0;0
28;2020-S12;B;5;1;1;0;4;1
28;2020-S12;C;10;2;5;2;5;0
28;2020-S12;D;2;0;2;0;0;0
28;2020-S12;E;14;4;4;2;10;2
28;2020-S13;0;280;98;90;43;190;55
28;2020-S13;A;2;0;1;0;1;0
28;2020-S13;B;92;22;19;4;73;18
28;2020-S13;C;106;33;32;17;74;16
28;2020-S13;D;43;25;24;14;19;11
28;2020-S13;E;37;18;14;8;23;10
28;2020-S14;0;414;134;130;42;284;92
28;2020-S14;A;6;3;3;3;3;0
28;2020-S14;B;179;49;54;11;125;38
28;2020-S14;C;129;42;34;10;95;32
28;2020-S14;D;26;8;12;3;14;5
28;2020-S14;E;74;32;27;15;47;17
28;2020-S15;0;760;272;202;84;558;188
28;2020-S15;A;8;0;2;0;6;0
28;2020-S15;B;211;54;57;18;154;36
28;2020-S15;C;197;59;53;21;144;38
28;2020-S15;D;44;20;21;12;23;8
28;2020-S15;E;300;139;69;33;231;106
28;2020-S16;0;326;54;70;13;256;41
28;2020-S16;A;0;0;0;0;0;0
28;2020-S16;B;97;9;13;1;84;8
28;2020-S16;C;76;7;14;2;62;5
28;2020-S16;D;20;2;11;1;9;1
28;2020-S16;E;133;36;32;9;101;27
29;2020-S11;0;2;1;1;0;1;1
29;2020-S11;A;0;0;0;0;0;0
29;2020-S11;B;1;1;0;0;1;1
29;2020-S11;C;0;0;0;0;0;0
29;2020-S11;D;1;0;1;0;0;0
29;2020-S11;E;0;0;0;0;0;0
29;2020-S12;0;5;2;2;1;3;1
29;2020-S12;A;0;0;0;0;0;0
29;2020-S12;B;3;2;1;1;2;1
29;2020-S12;C;2;0;1;0;1;0
29;2020-S12;D;0;0;0;0;0;0
29;2020-S12;E;0;0;0;0;0;0
29;2020-S13;0;5;2;2;0;3;2
29;2020-S13;A;0;0;0;0;0;0
29;2020-S13;B;3;2;1;0;2;2
29;2020-S13;C;1;0;0;0;1;0
29;2020-S13;D;1;0;1;0;0;0
29;2020-S13;E;0;0;0;0;0;0
29;2020-S14;0;4;1;2;0;2;1
29;2020-S14;A;0;0;0;0;0;0
29;2020-S14;B;3;1;1;0;2;1
29;2020-S14;C;0;0;0;0;0;0
29;2020-S14;D;1;0;1;0;0;0
29;2020-S14;E;0;0;0;0;0;0
29;2020-S15;0;3;1;0;0;3;1
29;2020-S15;A;0;0;0;0;0;0
29;2020-S15;B;2;1;0;0;2;1
29;2020-S15;C;1;0;0;0;1;0
29;2020-S15;D;0;0;0;0;0;0
29;2020-S15;E;0;0;0;0;0;0
29;2020-S16;0;2;0;0;0;2;0
29;2020-S16;A;0;0;0;0;0;0
29;2020-S16;B;0;0;0;0;0;0
29;2020-S16;C;1;0;0;0;1;0
29;2020-S16;D;0;0;0;0;0;0
29;2020-S16;E;1;0;0;0;1;0
2A;2020-S11;0;0;0;0;0;0;0
2A;2020-S11;A;0;0;0;0;0;0
2A;2020-S11;B;0;0;0;0;0;0
2A;2020-S11;C;0;0;0;0;0;0
2A;2020-S11;D;0;0;0;0;0;0
2A;2020-S11;E;0;0;0;0;0;0
2A;2020-S12;0;0;0;0;0;0;0
2A;2020-S12;A;0;0;0;0;0;0
2A;2020-S12;B;0;0;0;0;0;0
2A;2020-S12;C;0;0;0;0;0;0
2A;2020-S12;D;0;0;0;0;0;0
2A;2020-S12;E;0;0;0;0;0;0
2A;2020-S13;0;0;0;0;0;0;0
2A;2020-S13;A;0;0;0;0;0;0
2A;2020-S13;B;0;0;0;0;0;0
2A;2020-S13;C;0;0;0;0;0;0
2A;2020-S13;D;0;0;0;0;0;0
2A;2020-S13;E;0;0;0;0;0;0
2A;2020-S14;0;0;0;0;0;0;0
2A;2020-S14;A;0;0;0;0;0;0
2A;2020-S14;B;0;0;0;0;0;0
2A;2020-S14;C;0;0;0;0;0;0
2A;2020-S14;D;0;0;0;0;0;0
2A;2020-S14;E;0;0;0;0;0;0
2A;2020-S15;0;0;0;0;0;0;0
2A;2020-S15;A;0;0;0;0;0;0
2A;2020-S15;B;0;0;0;0;0;0
2A;2020-S15;C;0;0;0;0;0;0
2A;2020-S15;D;0;0;0;0;0;0
2A;2020-S15;E;0;0;0;0;0;0
2A;2020-S16;0;0;0;0;0;0;0
2A;2020-S16;A;0;0;0;0;0;0
2A;2020-S16;B;0;0;0;0;0;0
2A;2020-S16;C;0;0;0;0;0;0
2A;2020-S16;D;0;0;0;0;0;0
2A;2020-S16;E;0;0;0;0;0;0
2B;2020-S11;0;0;0;0;0;0;0
2B;2020-S11;A;0;0;0;0;0;0
2B;2020-S11;B;0;0;0;0;0;0
2B;2020-S11;C;0;0;0;0;0;0
2B;2020-S11;D;0;0;0;0;0;0
2B;2020-S11;E;0;0;0;0;0;0
2B;2020-S12;0;0;0;0;0;0;0
2B;2020-S12;A;0;0;0;0;0;0
2B;2020-S12;B;0;0;0;0;0;0
2B;2020-S12;C;0;0;0;0;0;0
2B;2020-S12;D;0;0;0;0;0;0
2B;2020-S12;E;0;0;0;0;0;0
2B;2020-S13;0;0;0;0;0;0;0
2B;2020-S13;A;0;0;0;0;0;0
2B;2020-S13;B;0;0;0;0;0;0
2B;2020-S13;C;0;0;0;0;0;0
2B;2020-S13;D;0;0;0;0;0;0
2B;2020-S13;E;0;0;0;0;0;0
2B;2020-S14;0;0;0;0;0;0;0
2B;2020-S14;A;0;0;0;0;0;0
2B;2020-S14;B;0;0;0;0;0;0
2B;2020-S14;C;0;0;0;0;0;0
2B;2020-S14;D;0;0;0;0;0;0
2B;2020-S14;E;0;0;0;0;0;0
2B;2020-S15;0;0;0;0;0;0;0
2B;2020-S15;A;0;0;0;0;0;0
2B;2020-S15;B;0;0;0;0;0;0
2B;2020-S15;C;0;0;0;0;0;0
2B;2020-S15;D;0;0;0;0;0;0
2B;2020-S15;E;0;0;0;0;0;0
2B;2020-S16;0;0;0;0;0;0;0
2B;2020-S16;A;0;0;0;0;0;0
2B;2020-S16;B;0;0;0;0;0;0
2B;2020-S16;C;0;0;0;0;0;0
2B;2020-S16;D;0;0;0;0;0;0
2B;2020-S16;E;0;0;0;0;0;0
30;2020-S11;0;3;0;2;0;1;0
30;2020-S11;A;0;0;0;0;0;0
30;2020-S11;B;0;0;0;0;0;0
30;2020-S11;C;1;0;0;0;1;0
30;2020-S11;D;0;0;0;0;0;0
30;2020-S11;E;2;0;2;0;0;0
30;2020-S12;0;10;1;3;0;7;1
30;2020-S12;A;0;0;0;0;0;0
30;2020-S12;B;6;1;1;0;5;1
30;2020-S12;C;1;0;1;0;0;0
30;2020-S12;D;0;0;0;0;0;0
30;2020-S12;E;3;0;1;0;2;0
30;2020-S13;0;36;2;18;0;18;2
30;2020-S13;A;0;0;0;0;0;0
30;2020-S13;B;12;0;6;0;6;0
30;2020-S13;C;12;2;5;0;7;2
30;2020-S13;D;4;0;3;0;1;0
30;2020-S13;E;8;0;4;0;4;0
30;2020-S14;0;31;0;8;0;23;0
30;2020-S14;A;1;0;1;0;0;0
30;2020-S14;B;20;0;5;0;15;0
30;2020-S14;C;6;0;2;0;4;0
30;2020-S14;D;1;0;0;0;1;0
30;2020-S14;E;2;0;0;0;2;0
30;2020-S15;0;20;2;4;0;16;2
30;2020-S15;A;0;0;0;0;0;0
30;2020-S15;B;11;1;1;0;10;1
30;2020-S15;C;5;0;2;0;3;0
30;2020-S15;D;1;0;1;0;0;0
30;2020-S15;E;3;1;0;0;3;1
30;2020-S16;0;36;1;16;1;20;0
30;2020-S16;A;0;0;0;0;0;0
30;2020-S16;B;25;1;10;1;15;0
30;2020-S16;C;8;0;5;0;3;0
30;2020-S16;D;1;0;0;0;1;0
30;2020-S16;E;2;0;1;0;1;0
31;2020-S11;0;1;0;1;0;0;0
31;2020-S11;A;0;0;0;0;0;0
31;2020-S11;B;0;0;0;0;0;0
31;2020-S11;C;0;0;0;0;0;0
31;2020-S11;D;1;0;1;0;0;0
31;2020-S11;E;0;0;0;0;0;0
31;2020-S12;0;11;3;2;0;9;3
31;2020-S12;A;0;0;0;0;0;0
31;2020-S12;B;5;1;1;0;4;1
31;2020-S12;C;3;1;1;0;2;1
31;2020-S12;D;0;0;0;0;0;0
31;2020-S12;E;3;1;0;0;3;1
31;2020-S13;0;17;1;7;1;10;0
31;2020-S13;A;0;0;0;0;0;0
31;2020-S13;B;8;1;1;1;7;0
31;2020-S13;C;5;0;3;0;2;0
31;2020-S13;D;0;0;0;0;0;0
31;2020-S13;E;4;0;3;0;1;0
31;2020-S14;0;10;0;4;0;6;0
31;2020-S14;A;0;0;0;0;0;0
31;2020-S14;B;6;0;2;0;4;0
31;2020-S14;C;3;0;2;0;1;0
31;2020-S14;D;0;0;0;0;0;0
31;2020-S14;E;1;0;0;0;1;0
31;2020-S15;0;237;11;71;1;166;10
31;2020-S15;A;0;0;0;0;0;0
31;2020-S15;B;57;3;13;0;44;3
31;2020-S15;C;35;0;11;0;24;0
31;2020-S15;D;18;0;12;0;6;0
31;2020-S15;E;127;8;35;1;92;7
31;2020-S16;0;160;1;49;0;111;1
31;2020-S16;A;2;0;1;0;1;0
31;2020-S16;B;60;0;18;0;42;0
31;2020-S16;C;49;1;12;0;37;1
31;2020-S16;D;8;0;4;0;4;0
31;2020-S16;E;39;0;12;0;27;0
32;2020-S11;0;0;0;0;0;0;0
32;2020-S11;A;0;0;0;0;0;0
32;2020-S11;B;0;0;0;0;0;0
32;2020-S11;C;0;0;0;0;0;0
32;2020-S11;D;0;0;0;0;0;0
32;2020-S11;E;0;0;0;0;0;0
32;2020-S12;0;36;8;9;2;27;6
32;2020-S12;A;0;0;0;0;0;0
32;2020-S12;B;15;1;3;0;12;1
32;2020-S12;C;5;2;0;0;5;2
32;2020-S12;D;3;0;1;0;2;0
32;2020-S12;E;13;5;5;2;8;3
32;2020-S13;0;132;17;34;5;98;12
32;2020-S13;A;2;0;1;0;1;0
32;2020-S13;B;51;5;8;1;43;4
32;2020-S13;C;39;7;11;2;28;5
32;2020-S13;D;7;1;3;0;4;1
32;2020-S13;E;33;4;11;2;22;2
32;2020-S14;0;210;24;45;7;165;17
32;2020-S14;A;1;0;0;0;1;0
32;2020-S14;B;82;6;10;1;72;5
32;2020-S14;C;74;5;13;0;61;5
32;2020-S14;D;14;3;7;1;7;2
32;2020-S14;E;39;10;15;5;24;5
32;2020-S15;0;121;21;17;2;104;19
32;2020-S15;A;0;0;0;0;0;0
32;2020-S15;B;40;3;3;0;37;3
32;2020-S15;C;54;9;6;1;48;8
32;2020-S15;D;7;1;4;1;3;0
32;2020-S15;E;20;8;4;0;16;8
32;2020-S16;0;138;27;30;7;108;20
32;2020-S16;A;1;0;0;0;1;0
32;2020-S16;B;42;7;3;0;39;7
32;2020-S16;C;43;6;9;1;34;5
32;2020-S16;D;6;0;5;0;1;0
32;2020-S16;E;46;14;13;6;33;8
33;2020-S11;0;25;0;11;0;14;0
33;2020-S11;A;2;0;1;0;1;0
33;2020-S11;B;9;0;3;0;6;0
33;2020-S11;C;12;0;6;0;6;0
33;2020-S11;D;1;0;0;0;1;0
33;2020-S11;E;1;0;1;0;0;0
33;2020-S12;0;306;23;103;14;203;9
33;2020-S12;A;6;0;3;0;3;0
33;2020-S12;B;157;8;40;5;117;3
33;2020-S12;C;88;11;38;8;50;3
33;2020-S12;D;19;2;13;1;6;1
33;2020-S12;E;33;2;8;0;25;2
33;2020-S13;0;882;94;255;38;627;56
33;2020-S13;A;8;0;4;0;4;0
33;2020-S13;B;416;39;93;11;323;28
33;2020-S13;C;289;37;87;18;202;19
33;2020-S13;D;50;10;26;5;24;5
33;2020-S13;E;117;7;44;3;73;4
33;2020-S14;0;1067;113;301;43;766;70
33;2020-S14;A;11;2;4;0;7;2
33;2020-S14;B;519;43;126;15;393;28
33;2020-S14;C;348;46;102;17;246;29
33;2020-S14;D;85;7;36;5;49;2
33;2020-S14;E;103;15;33;6;70;9
33;2020-S15;0;868;63;279;18;589;45
33;2020-S15;A;20;0;13;0;7;0
33;2020-S15;B;350;18;96;4;254;14
33;2020-S15;C;291;32;95;10;196;22
33;2020-S15;D;62;5;30;2;32;3
33;2020-S15;E;139;8;44;2;95;6
33;2020-S16;0;774;28;238;8;536;20
33;2020-S16;A;14;1;9;1;5;0
33;2020-S16;B;339;10;88;2;251;8
33;2020-S16;C;233;11;75;3;158;8
33;2020-S16;D;54;4;21;2;33;2
33;2020-S16;E;134;2;45;0;89;2
34;2020-S11;0;2;0;1;0;1;0
34;2020-S11;A;0;0;0;0;0;0
34;2020-S11;B;2;0;1;0;1;0
34;2020-S11;C;0;0;0;0;0;0
34;2020-S11;D;0;0;0;0;0;0
34;2020-S11;E;0;0;0;0;0;0
34;2020-S12;0;11;0;6;0;5;0
34;2020-S12;A;0;0;0;0;0;0
34;2020-S12;B;5;0;3;0;2;0
34;2020-S12;C;6;0;3;0;3;0
34;2020-S12;D;0;0;0;0;0;0
34;2020-S12;E;0;0;0;0;0;0
34;2020-S13;0;83;13;27;4;56;9
34;2020-S13;A;2;0;2;0;0;0
34;2020-S13;B;31;5;7;2;24;3
34;2020-S13;C;36;6;13;1;23;5
34;2020-S13;D;8;2;3;1;5;1
34;2020-S13;E;6;0;2;0;4;0
34;2020-S14;0;161;12;52;2;109;10
34;2020-S14;A;1;0;0;0;1;0
34;2020-S14;B;58;3;19;1;39;2
34;2020-S14;C;64;4;17;1;47;3
34;2020-S14;D;14;2;5;0;9;2
34;2020-S14;E;19;2;9;0;10;2
34;2020-S15;0;117;4;44;1;73;3
34;2020-S15;A;3;0;1;0;2;0
34;2020-S15;B;40;2;18;1;22;1
34;2020-S15;C;39;2;9;0;30;2
34;2020-S15;D;11;0;6;0;5;0
34;2020-S15;E;24;0;10;0;14;0
34;2020-S16;0;163;4;36;1;127;3
34;2020-S16;A;1;0;1;0;0;0
34;2020-S16;B;81;2;16;1;65;1
34;2020-S16;C;59;1;8;0;51;1
34;2020-S16;D;9;0;5;0;4;0
34;2020-S16;E;12;1;6;0;6;1
35;2020-S11;0;0;0;0;0;0;0
35;2020-S11;A;0;0;0;0;0;0
35;2020-S11;B;0;0;0;0;0;0
35;2020-S11;C;0;0;0;0;0;0
35;2020-S11;D;0;0;0;0;0;0
35;2020-S11;E;0;0;0;0;0;0
35;2020-S12;0;7;0;0;0;7;0
35;2020-S12;A;1;0;0;0;1;0
35;2020-S12;B;2;0;0;0;2;0
35;2020-S12;C;3;0;0;0;3;0
35;2020-S12;D;1;0;0;0;1;0
35;2020-S12;E;0;0;0;0;0;0
35;2020-S13;0;17;4;8;2;9;2
35;2020-S13;A;0;0;0;0;0;0
35;2020-S13;B;5;0;2;0;3;0
35;2020-S13;C;10;4;4;2;6;2
35;2020-S13;D;1;0;1;0;0;0
35;2020-S13;E;1;0;1;0;0;0
35;2020-S14;0;25;3;3;0;22;3
35;2020-S14;A;0;0;0;0;0;0
35;2020-S14;B;12;1;0;0;12;1
35;2020-S14;C;9;0;1;0;8;0
35;2020-S14;D;0;0;0;0;0;0
35;2020-S14;E;4;2;2;0;2;2
35;2020-S15;0;9;0;3;0;6;0
35;2020-S15;A;0;0;0;0;0;0
35;2020-S15;B;0;0;0;0;0;0
35;2020-S15;C;6;0;3;0;3;0
35;2020-S15;D;1;0;0;0;1;0
35;2020-S15;E;2;0;0;0;2;0
35;2020-S16;0;3;0;2;0;1;0
35;2020-S16;A;0;0;0;0;0;0
35;2020-S16;B;2;0;1;0;1;0
35;2020-S16;C;0;0;0;0;0;0
35;2020-S16;D;1;0;1;0;0;0
35;2020-S16;E;0;0;0;0;0;0
36;2020-S11;0;0;0;0;0;0;0
36;2020-S11;A;0;0;0;0;0;0
36;2020-S11;B;0;0;0;0;0;0
36;2020-S11;C;0;0;0;0;0;0
36;2020-S11;D;0;0;0;0;0;0
36;2020-S11;E;0;0;0;0;0;0
36;2020-S12;0;17;3;6;2;11;1
36;2020-S12;A;1;0;1;0;0;0
36;2020-S12;B;11;0;3;0;8;0
36;2020-S12;C;4;3;2;2;2;1
36;2020-S12;D;0;0;0;0;0;0
36;2020-S12;E;1;0;0;0;1;0
36;2020-S13;0;162;45;49;13;113;32
36;2020-S13;A;2;0;1;0;1;0
36;2020-S13;B;60;11;8;1;52;10
36;2020-S13;C;52;15;15;2;37;13
36;2020-S13;D;9;3;8;3;1;0
36;2020-S13;E;38;16;17;7;21;9
36;2020-S14;0;259;74;80;23;179;51
36;2020-S14;A;1;0;1;0;0;0
36;2020-S14;B;93;18;24;3;69;15
36;2020-S14;C;78;22;18;6;60;16
36;2020-S14;D;13;3;5;1;8;2
36;2020-S14;E;74;31;32;13;42;18
36;2020-S15;0;350;81;100;21;250;60
36;2020-S15;A;2;0;0;0;2;0
36;2020-S15;B;86;16;17;1;69;15
36;2020-S15;C;95;27;22;4;73;23
36;2020-S15;D;27;7;16;6;11;1
36;2020-S15;E;140;31;45;10;95;21
36;2020-S16;0;255;52;62;16;193;36
36;2020-S16;A;1;0;0;0;1;0
36;2020-S16;B;99;13;14;1;85;12
36;2020-S16;C;82;16;20;6;62;10
36;2020-S16;D;14;3;5;2;9;1
36;2020-S16;E;59;20;23;7;36;13
37;2020-S11;0;0;0;0;0;0;0
37;2020-S11;A;0;0;0;0;0;0
37;2020-S11;B;0;0;0;0;0;0
37;2020-S11;C;0;0;0;0;0;0
37;2020-S11;D;0;0;0;0;0;0
37;2020-S11;E;0;0;0;0;0;0
37;2020-S12;0;45;3;13;2;32;1
37;2020-S12;A;0;0;0;0;0;0
37;2020-S12;B;17;2;4;1;13;1
37;2020-S12;C;15;1;3;1;12;0
37;2020-S12;D;3;0;2;0;1;0
37;2020-S12;E;10;0;4;0;6;0
37;2020-S13;0;179;31;60;12;119;19
37;2020-S13;A;2;0;1;0;1;0
37;2020-S13;B;78;12;25;4;53;8
37;2020-S13;C;66;13;23;5;43;8
37;2020-S13;D;13;3;4;1;9;2
37;2020-S13;E;20;3;7;2;13;1
37;2020-S14;0;166;23;50;9;116;14
37;2020-S14;A;2;0;2;0;0;0
37;2020-S14;B;71;10;20;3;51;7
37;2020-S14;C;56;12;17;5;39;7
37;2020-S14;D;15;1;6;1;9;0
37;2020-S14;E;22;0;5;0;17;0
37;2020-S15;0;222;23;76;8;146;15
37;2020-S15;A;3;0;3;0;0;0
37;2020-S15;B;97;13;33;3;64;10
37;2020-S15;C;67;6;20;3;47;3
37;2020-S15;D;15;0;7;0;8;0
37;2020-S15;E;40;4;13;2;27;2
37;2020-S16;0;519;6;122;0;397;6
37;2020-S16;A;5;0;2;0;3;0
37;2020-S16;B;164;3;32;0;132;3
37;2020-S16;C;103;3;24;0;79;3
37;2020-S16;D;26;0;9;0;17;0
37;2020-S16;E;220;0;54;0;166;0
38;2020-S11;0;0;0;0;0;0;0
38;2020-S11;A;0;0;0;0;0;0
38;2020-S11;B;0;0;0;0;0;0
38;2020-S11;C;0;0;0;0;0;0
38;2020-S11;D;0;0;0;0;0;0
38;2020-S11;E;0;0;0;0;0;0
38;2020-S12;0;363;34;95;15;268;19
38;2020-S12;A;7;0;2;0;5;0
38;2020-S12;B;162;12;28;5;134;7
38;2020-S12;C;126;15;39;6;87;9
38;2020-S12;D;27;2;11;0;16;2
38;2020-S12;E;40;5;15;4;25;1
38;2020-S13;0;524;46;147;17;377;29
38;2020-S13;A;4;0;2;0;2;0
38;2020-S13;B;219;14;46;4;173;10
38;2020-S13;C;196;21;57;9;139;12
38;2020-S13;D;41;6;20;2;21;4
38;2020-S13;E;64;5;22;2;42;3
38;2020-S14;0;215;19;49;3;166;16
38;2020-S14;A;2;0;0;0;2;0
38;2020-S14;B;93;6;14;0;79;6
38;2020-S14;C;71;9;19;1;52;8
38;2020-S14;D;24;3;10;2;14;1
38;2020-S14;E;25;1;6;0;19;1
38;2020-S15;0;148;26;47;6;101;20
38;2020-S15;A;1;0;0;0;1;0
38;2020-S15;B;61;10;14;0;47;10
38;2020-S15;C;58;11;22;2;36;9
38;2020-S15;D;17;3;5;2;12;1
38;2020-S15;E;11;2;6;2;5;0
38;2020-S16;0;112;9;39;2;73;7
38;2020-S16;A;4;0;2;0;2;0
38;2020-S16;B;38;4;9;0;29;4
38;2020-S16;C;41;4;15;2;26;2
38;2020-S16;D;16;1;10;0;6;1
38;2020-S16;E;13;0;3;0;10;0
39;2020-S11;0;0;0;0;0;0;0
39;2020-S11;A;0;0;0;0;0;0
39;2020-S11;B;0;0;0;0;0;0
39;2020-S11;C;0;0;0;0;0;0
39;2020-S11;D;0;0;0;0;0;0
39;2020-S11;E;0;0;0;0;0;0
39;2020-S12;0;6;1;3;1;3;0
39;2020-S12;A;0;0;0;0;0;0
39;2020-S12;B;3;0;1;0;2;0
39;2020-S12;C;2;1;1;1;1;0
39;2020-S12;D;0;0;0;0;0;0
39;2020-S12;E;1;0;1;0;0;0
39;2020-S13;0;23;10;10;3;13;7
39;2020-S13;A;0;0;0;0;0;0
39;2020-S13;B;5;3;0;0;5;3
39;2020-S13;C;6;2;3;0;3;2
39;2020-S13;D;3;1;3;1;0;0
39;2020-S13;E;9;4;4;2;5;2
39;2020-S14;0;111;19;19;4;92;15
39;2020-S14;A;1;0;1;0;0;0
39;2020-S14;B;41;10;5;2;36;8
39;2020-S14;C;46;7;6;1;40;6
39;2020-S14;D;6;0;2;0;4;0
39;2020-S14;E;17;2;5;1;12;1
39;2020-S15;0;125;32;36;7;89;25
39;2020-S15;A;0;0;0;0;0;0
39;2020-S15;B;40;6;12;1;28;5
39;2020-S15;C;37;10;11;1;26;9
39;2020-S15;D;9;1;2;1;7;0
39;2020-S15;E;39;15;11;4;28;11
39;2020-S16;0;155;15;43;4;112;11
39;2020-S16;A;2;0;0;0;2;0
39;2020-S16;B;62;8;12;1;50;7
39;2020-S16;C;64;4;16;1;48;3
39;2020-S16;D;11;0;6;0;5;0
39;2020-S16;E;16;3;9;2;7;1
40;2020-S11;0;0;0;0;0;0;0
40;2020-S11;A;0;0;0;0;0;0
40;2020-S11;B;0;0;0;0;0;0
40;2020-S11;C;0;0;0;0;0;0
40;2020-S11;D;0;0;0;0;0;0
40;2020-S11;E;0;0;0;0;0;0
40;2020-S12;0;19;1;4;1;15;0
40;2020-S12;A;0;0;0;0;0;0
40;2020-S12;B;10;0;1;0;9;0
40;2020-S12;C;6;0;1;0;5;0
40;2020-S12;D;2;1;1;1;1;0
40;2020-S12;E;1;0;1;0;0;0
40;2020-S13;0;28;2;7;0;21;2
40;2020-S13;A;0;0;0;0;0;0
40;2020-S13;B;14;1;2;0;12;1
40;2020-S13;C;10;1;3;0;7;1
40;2020-S13;D;2;0;1;0;1;0
40;2020-S13;E;2;0;1;0;1;0
40;2020-S14;0;152;12;35;5;117;7
40;2020-S14;A;0;0;0;0;0;0
40;2020-S14;B;66;2;11;0;55;2
40;2020-S14;C;59;4;12;2;47;2
40;2020-S14;D;12;2;6;2;6;0
40;2020-S14;E;15;4;6;1;9;3
40;2020-S15;0;71;3;23;1;48;2
40;2020-S15;A;0;0;0;0;0;0
40;2020-S15;B;25;0;6;0;19;0
40;2020-S15;C;30;2;12;1;18;1
40;2020-S15;D;5;1;1;0;4;1
40;2020-S15;E;11;0;4;0;7;0
40;2020-S16;0;29;1;12;1;17;0
40;2020-S16;A;0;0;0;0;0;0
40;2020-S16;B;14;0;7;0;7;0
40;2020-S16;C;11;1;3;1;8;0
40;2020-S16;D;2;0;1;0;1;0
40;2020-S16;E;2;0;1;0;1;0
41;2020-S11;0;0;0;0;0;0;0
41;2020-S11;A;0;0;0;0;0;0
41;2020-S11;B;0;0;0;0;0;0
41;2020-S11;C;0;0;0;0;0;0
41;2020-S11;D;0;0;0;0;0;0
41;2020-S11;E;0;0;0;0;0;0
41;2020-S12;0;6;4;3;2;3;2
41;2020-S12;A;0;0;0;0;0;0
41;2020-S12;B;2;1;1;0;1;1
41;2020-S12;C;4;3;2;2;2;1
41;2020-S12;D;0;0;0;0;0;0
41;2020-S12;E;0;0;0;0;0;0
41;2020-S13;0;88;19;16;7;72;12
41;2020-S13;A;1;0;0;0;1;0
41;2020-S13;B;32;8;4;2;28;6
41;2020-S13;C;31;6;6;2;25;4
41;2020-S13;D;2;0;0;0;2;0
41;2020-S13;E;22;5;6;3;16;2
41;2020-S14;0;45;8;18;3;27;5
41;2020-S14;A;0;0;0;0;0;0
41;2020-S14;B;14;0;5;0;9;0
41;2020-S14;C;15;5;6;2;9;3
41;2020-S14;D;4;1;2;1;2;0
41;2020-S14;E;12;2;5;0;7;2
41;2020-S15;0;68;6;26;3;42;3
41;2020-S15;A;0;0;0;0;0;0
41;2020-S15;B;16;1;5;1;11;0
41;2020-S15;C;21;1;7;0;14;1
41;2020-S15;D;6;0;3;0;3;0
41;2020-S15;E;25;4;11;2;14;2
41;2020-S16;0;36;0;12;0;24;0
41;2020-S16;A;0;0;0;0;0;0
41;2020-S16;B;12;0;4;0;8;0
41;2020-S16;C;7;0;0;0;7;0
41;2020-S16;D;4;0;1;0;3;0
41;2020-S16;E;13;0;7;0;6;0
42;2020-S11;0;0;0;0;0;0;0
42;2020-S11;A;0;0;0;0;0;0
42;2020-S11;B;0;0;0;0;0;0
42;2020-S11;C;0;0;0;0;0;0
42;2020-S11;D;0;0;0;0;0;0
42;2020-S11;E;0;0;0;0;0;0
42;2020-S12;0;6;0;2;0;4;0
42;2020-S12;A;1;0;1;0;0;0
42;2020-S12;B;4;0;0;0;4;0
42;2020-S12;C;1;0;1;0;0;0
42;2020-S12;D;0;0;0;0;0;0
42;2020-S12;E;0;0;0;0;0;0
42;2020-S13;0;29;5;6;3;23;2
42;2020-S13;A;1;0;1;0;0;0
42;2020-S13;B;9;1;0;0;9;1
42;2020-S13;C;8;0;1;0;7;0
42;2020-S13;D;6;3;3;2;3;1
42;2020-S13;E;5;1;1;1;4;0
42;2020-S14;0;20;4;5;1;15;3
42;2020-S14;A;0;0;0;0;0;0
42;2020-S14;B;5;1;1;0;4;1
42;2020-S14;C;8;1;3;0;5;1
42;2020-S14;D;0;0;0;0;0;0
42;2020-S14;E;7;2;1;1;6;1
42;2020-S15;0;28;4;8;2;20;2
42;2020-S15;A;0;0;0;0;0;0
42;2020-S15;B;8;0;2;0;6;0
42;2020-S15;C;11;2;3;1;8;1
42;2020-S15;D;7;2;1;1;6;1
42;2020-S15;E;2;0;2;0;0;0
42;2020-S16;0;19;0;7;0;12;0
42;2020-S16;A;1;0;0;0;1;0
42;2020-S16;B;5;0;1;0;4;0
42;2020-S16;C;4;0;1;0;3;0
42;2020-S16;D;4;0;3;0;1;0
42;2020-S16;E;5;0;2;0;3;0
43;2020-S11;0;0;0;0;0;0;0
43;2020-S11;A;0;0;0;0;0;0
43;2020-S11;B;0;0;0;0;0;0
43;2020-S11;C;0;0;0;0;0;0
43;2020-S11;D;0;0;0;0;0;0
43;2020-S11;E;0;0;0;0;0;0
43;2020-S12;0;8;1;2;1;6;0
43;2020-S12;A;0;0;0;0;0;0
43;2020-S12;B;0;0;0;0;0;0
43;2020-S12;C;2;0;0;0;2;0
43;2020-S12;D;1;0;0;0;1;0
43;2020-S12;E;5;1;2;1;3;0
43;2020-S13;0;35;3;10;1;25;2
43;2020-S13;A;0;0;0;0;0;0
43;2020-S13;B;10;2;1;0;9;2
43;2020-S13;C;6;1;3;1;3;0
43;2020-S13;D;4;0;1;0;3;0
43;2020-S13;E;15;0;5;0;10;0
43;2020-S14;0;51;3;13;0;38;3
43;2020-S14;A;0;0;0;0;0;0
43;2020-S14;B;19;0;4;0;15;0
43;2020-S14;C;16;2;2;0;14;2
43;2020-S14;D;5;1;3;0;2;1
43;2020-S14;E;11;0;4;0;7;0
43;2020-S15;0;34;3;17;1;17;2
43;2020-S15;A;1;0;1;0;0;0
43;2020-S15;B;11;0;5;0;6;0
43;2020-S15;C;9;2;4;0;5;2
43;2020-S15;D;4;1;2;1;2;0
43;2020-S15;E;9;0;5;0;4;0
43;2020-S16;0;4;1;2;1;2;0
43;2020-S16;A;0;0;0;0;0;0
43;2020-S16;B;1;0;0;0;1;0
43;2020-S16;C;0;0;0;0;0;0
43;2020-S16;D;0;0;0;0;0;0
43;2020-S16;E;3;1;2;1;1;0
44;2020-S11;0;0;0;0;0;0;0
44;2020-S11;A;0;0;0;0;0;0
44;2020-S11;B;0;0;0;0;0;0
44;2020-S11;C;0;0;0;0;0;0
44;2020-S11;D;0;0;0;0;0;0
44;2020-S11;E;0;0;0;0;0;0
44;2020-S12;0;14;5;6;3;8;2
44;2020-S12;A;1;0;1;0;0;0
44;2020-S12;B;4;1;1;0;3;1
44;2020-S12;C;2;0;0;0;2;0
44;2020-S12;D;2;2;1;1;1;1
44;2020-S12;E;5;2;3;2;2;0
44;2020-S13;0;146;15;39;7;107;8
44;2020-S13;A;1;0;0;0;1;0
44;2020-S13;B;50;4;8;2;42;2
44;2020-S13;C;36;5;12;3;24;2
44;2020-S13;D;9;2;3;0;6;2
44;2020-S13;E;50;4;16;2;34;2
44;2020-S14;0;116;16;28;2;88;14
44;2020-S14;A;1;0;0;0;1;0
44;2020-S14;B;49;7;8;1;41;6
44;2020-S14;C;32;5;6;0;26;5
44;2020-S14;D;11;0;5;0;6;0
44;2020-S14;E;23;4;9;1;14;3
44;2020-S15;0;73;2;20;1;53;1
44;2020-S15;A;0;0;0;0;0;0
44;2020-S15;B;27;1;4;0;23;1
44;2020-S15;C;24;1;5;1;19;0
44;2020-S15;D;5;0;3;0;2;0
44;2020-S15;E;17;0;8;0;9;0
44;2020-S16;0;6;0;3;0;3;0
44;2020-S16;A;0;0;0;0;0;0
44;2020-S16;B;2;0;0;0;2;0
44;2020-S16;C;1;0;0;0;1;0
44;2020-S16;D;2;0;2;0;0;0
44;2020-S16;E;1;0;1;0;0;0
45;2020-S11;0;4;1;4;1;0;0
45;2020-S11;A;0;0;0;0;0;0
45;2020-S11;B;1;0;1;0;0;0
45;2020-S11;C;2;1;2;1;0;0
45;2020-S11;D;1;0;1;0;0;0
45;2020-S11;E;0;0;0;0;0;0
45;2020-S12;0;57;10;16;2;41;8
45;2020-S12;A;0;0;0;0;0;0
45;2020-S12;B;20;5;3;1;17;4
45;2020-S12;C;27;3;6;0;21;3
45;2020-S12;D;7;2;4;1;3;1
45;2020-S12;E;3;0;3;0;0;0
45;2020-S13;0;370;77;134;31;236;46
45;2020-S13;A;10;0;4;0;6;0
45;2020-S13;B;159;23;48;7;111;16
45;2020-S13;C;124;31;47;11;77;20
45;2020-S13;D;28;6;17;5;11;1
45;2020-S13;E;49;17;18;8;31;9
45;2020-S14;0;694;114;245;40;449;74
45;2020-S14;A;21;2;11;0;10;2
45;2020-S14;B;324;38;104;13;220;25
45;2020-S14;C;229;46;85;15;144;31
45;2020-S14;D;48;11;24;7;24;4
45;2020-S14;E;72;17;21;5;51;12
45;2020-S15;0;591;93;227;38;364;55
45;2020-S15;A;20;4;9;1;11;3
45;2020-S15;B;258;28;97;15;161;13
45;2020-S15;C;201;39;84;16;117;23
45;2020-S15;D;50;4;19;0;31;4
45;2020-S15;E;62;18;18;6;44;12
45;2020-S16;0;82;5;15;0;67;5
45;2020-S16;A;0;0;0;0;0;0
45;2020-S16;B;37;1;6;0;31;1
45;2020-S16;C;24;0;4;0;20;0
45;2020-S16;D;7;0;2;0;5;0
45;2020-S16;E;14;4;3;0;11;4
46;2020-S11;0;0;0;0;0;0;0
46;2020-S11;A;0;0;0;0;0;0
46;2020-S11;B;0;0;0;0;0;0
46;2020-S11;C;0;0;0;0;0;0
46;2020-S11;D;0;0;0;0;0;0
46;2020-S11;E;0;0;0;0;0;0
46;2020-S12;0;3;0;0;0;3;0
46;2020-S12;A;0;0;0;0;0;0
46;2020-S12;B;2;0;0;0;2;0
46;2020-S12;C;1;0;0;0;1;0
46;2020-S12;D;0;0;0;0;0;0
46;2020-S12;E;0;0;0;0;0;0
46;2020-S13;0;16;3;5;0;11;3
46;2020-S13;A;0;0;0;0;0;0
46;2020-S13;B;5;0;0;0;5;0
46;2020-S13;C;4;0;3;0;1;0
46;2020-S13;D;3;0;2;0;1;0
46;2020-S13;E;4;3;0;0;4;3
46;2020-S14;0;29;5;13;2;16;3
46;2020-S14;A;1;0;0;0;1;0
46;2020-S14;B;6;0;1;0;5;0
46;2020-S14;C;10;3;4;1;6;2
46;2020-S14;D;3;0;3;0;0;0
46;2020-S14;E;9;2;5;1;4;1
46;2020-S15;0;13;2;3;1;10;1
46;2020-S15;A;0;0;0;0;0;0
46;2020-S15;B;4;1;0;0;4;1
46;2020-S15;C;7;1;3;1;4;0
46;2020-S15;D;0;0;0;0;0;0
46;2020-S15;E;2;0;0;0;2;0
46;2020-S16;0;2;0;0;0;2;0
46;2020-S16;A;0;0;0;0;0;0
46;2020-S16;B;0;0;0;0;0;0
46;2020-S16;C;0;0;0;0;0;0
46;2020-S16;D;0;0;0;0;0;0
46;2020-S16;E;2;0;0;0;2;0
47;2020-S11;0;9;0;6;0;3;0
47;2020-S11;A;1;0;1;0;0;0
47;2020-S11;B;3;0;3;0;0;0
47;2020-S11;C;3;0;1;0;2;0
47;2020-S11;D;1;0;0;0;1;0
47;2020-S11;E;1;0;1;0;0;0
47;2020-S12;0;19;0;9;0;10;0
47;2020-S12;A;0;0;0;0;0;0
47;2020-S12;B;11;0;5;0;6;0
47;2020-S12;C;6;0;3;0;3;0
47;2020-S12;D;1;0;1;0;0;0
47;2020-S12;E;1;0;0;0;1;0
47;2020-S13;0;58;3;18;1;40;2
47;2020-S13;A;1;0;1;0;0;0
47;2020-S13;B;29;3;4;1;25;2
47;2020-S13;C;12;0;5;0;7;0
47;2020-S13;D;2;0;1;0;1;0
47;2020-S13;E;14;0;7;0;7;0
47;2020-S14;0;96;5;22;2;74;3
47;2020-S14;A;1;0;0;0;1;0
47;2020-S14;B;49;3;10;0;39;3
47;2020-S14;C;35;1;7;1;28;0
47;2020-S14;D;4;1;2;1;2;0
47;2020-S14;E;7;0;3;0;4;0
47;2020-S15;0;82;3;33;2;49;1
47;2020-S15;A;0;0;0;0;0;0
47;2020-S15;B;32;0;11;0;21;0
47;2020-S15;C;24;2;9;1;15;1
47;2020-S15;D;8;0;5;0;3;0
47;2020-S15;E;15;1;7;1;8;0
47;2020-S16;0;62;2;16;1;46;1
47;2020-S16;A;1;0;1;0;0;0
47;2020-S16;B;27;0;7;0;20;0
47;2020-S16;C;19;2;3;1;16;1
47;2020-S16;D;6;0;4;0;2;0
47;2020-S16;E;7;0;1;0;6;0
48;2020-S11;0;0;0;0;0;0;0
48;2020-S11;A;0;0;0;0;0;0
48;2020-S11;B;0;0;0;0;0;0
48;2020-S11;C;0;0;0;0;0;0
48;2020-S11;D;0;0;0;0;0;0
48;2020-S11;E;0;0;0;0;0;0
48;2020-S12;0;1;1;1;1;0;0
48;2020-S12;A;0;0;0;0;0;0
48;2020-S12;B;0;0;0;0;0;0
48;2020-S12;C;1;1;1;1;0;0
48;2020-S12;D;0;0;0;0;0;0
48;2020-S12;E;0;0;0;0;0;0
48;2020-S13;0;0;0;0;0;0;0
48;2020-S13;A;0;0;0;0;0;0
48;2020-S13;B;0;0;0;0;0;0
48;2020-S13;C;0;0;0;0;0;0
48;2020-S13;D;0;0;0;0;0;0
48;2020-S13;E;0;0;0;0;0;0
48;2020-S14;0;0;0;0;0;0;0
48;2020-S14;A;0;0;0;0;0;0
48;2020-S14;B;0;0;0;0;0;0
48;2020-S14;C;0;0;0;0;0;0
48;2020-S14;D;0;0;0;0;0;0
48;2020-S14;E;0;0;0;0;0;0
48;2020-S15;0;0;0;0;0;0;0
48;2020-S15;A;0;0;0;0;0;0
48;2020-S15;B;0;0;0;0;0;0
48;2020-S15;C;0;0;0;0;0;0
48;2020-S15;D;0;0;0;0;0;0
48;2020-S15;E;0;0;0;0;0;0
48;2020-S16;0;2;0;0;0;2;0
48;2020-S16;A;0;0;0;0;0;0
48;2020-S16;B;0;0;0;0;0;0
48;2020-S16;C;2;0;0;0;2;0
48;2020-S16;D;0;0;0;0;0;0
48;2020-S16;E;0;0;0;0;0;0
49;2020-S11;0;0;0;0;0;0;0
49;2020-S11;A;0;0;0;0;0;0
49;2020-S11;B;0;0;0;0;0;0
49;2020-S11;C;0;0;0;0;0;0
49;2020-S11;D;0;0;0;0;0;0
49;2020-S11;E;0;0;0;0;0;0
49;2020-S12;0;12;4;4;2;8;2
49;2020-S12;A;0;0;0;0;0;0
49;2020-S12;B;3;2;1;1;2;1
49;2020-S12;C;5;0;2;0;3;0
49;2020-S12;D;1;1;0;0;1;1
49;2020-S12;E;3;1;1;1;2;0
49;2020-S13;0;25;1;12;0;13;1
49;2020-S13;A;1;0;1;0;0;0
49;2020-S13;B;4;1;1;0;3;1
49;2020-S13;C;4;0;1;0;3;0
49;2020-S13;D;5;0;4;0;1;0
49;2020-S13;E;11;0;5;0;6;0
49;2020-S14;0;16;2;6;0;10;2
49;2020-S14;A;0;0;0;0;0;0
49;2020-S14;B;6;1;2;0;4;1
49;2020-S14;C;1;0;1;0;0;0
49;2020-S14;D;3;0;2;0;1;0
49;2020-S14;E;6;1;1;0;5;1
49;2020-S15;0;5;1;0;0;5;1
49;2020-S15;A;0;0;0;0;0;0
49;2020-S15;B;4;1;0;0;4;1
49;2020-S15;C;0;0;0;0;0;0
49;2020-S15;D;0;0;0;0;0;0
49;2020-S15;E;1;0;0;0;1;0
49;2020-S16;0;5;1;2;1;3;0
49;2020-S16;A;0;0;0;0;0;0
49;2020-S16;B;0;0;0;0;0;0
49;2020-S16;C;0;0;0;0;0;0
49;2020-S16;D;0;0;0;0;0;0
49;2020-S16;E;5;1;2;1;3;0
50;2020-S11;0;4;0;1;0;3;0
50;2020-S11;A;0;0;0;0;0;0
50;2020-S11;B;1;0;0;0;1;0
50;2020-S11;C;3;0;1;0;2;0
50;2020-S11;D;0;0;0;0;0;0
50;2020-S11;E;0;0;0;0;0;0
50;2020-S12;0;21;4;7;2;14;2
50;2020-S12;A;1;0;0;0;1;0
50;2020-S12;B;7;1;1;0;6;1
50;2020-S12;C;4;1;2;1;2;0
50;2020-S12;D;3;1;2;1;1;0
50;2020-S12;E;6;1;2;0;4;1
50;2020-S13;0;169;24;59;11;110;13
50;2020-S13;A;0;0;0;0;0;0
50;2020-S13;B;58;7;17;1;41;6
50;2020-S13;C;64;9;22;6;42;3
50;2020-S13;D;23;6;11;3;12;3
50;2020-S13;E;24;2;9;1;15;1
50;2020-S14;0;241;23;99;11;142;12
50;2020-S14;A;2;0;1;0;1;0
50;2020-S14;B;105;4;38;1;67;3
50;2020-S14;C;81;7;34;3;47;4
50;2020-S14;D;24;5;15;3;9;2
50;2020-S14;E;28;7;11;4;17;3
50;2020-S15;0;350;30;129;7;221;23
50;2020-S15;A;9;0;3;0;6;0
50;2020-S15;B;117;9;43;2;74;7
50;2020-S15;C;133;12;56;4;77;8
50;2020-S15;D;41;5;16;1;25;4
50;2020-S15;E;50;4;11;0;39;4
50;2020-S16;0;348;32;146;12;202;20
50;2020-S16;A;9;0;4;0;5;0
50;2020-S16;B;141;10;67;5;74;5
50;2020-S16;C;127;10;45;6;82;4
50;2020-S16;D;39;3;15;0;24;3
50;2020-S16;E;31;9;15;1;16;8
51;2020-S11;0;0;0;0;0;0;0
51;2020-S11;A;0;0;0;0;0;0
51;2020-S11;B;0;0;0;0;0;0
51;2020-S11;C;0;0;0;0;0;0
51;2020-S11;D;0;0;0;0;0;0
51;2020-S11;E;0;0;0;0;0;0
51;2020-S12;0;36;6;15;4;21;2
51;2020-S12;A;0;0;0;0;0;0
51;2020-S12;B;19;2;7;1;12;1
51;2020-S12;C;14;4;6;3;8;1
51;2020-S12;D;0;0;0;0;0;0
51;2020-S12;E;3;0;2;0;1;0
51;2020-S13;0;243;78;77;28;166;50
51;2020-S13;A;0;0;0;0;0;0
51;2020-S13;B;115;32;34;10;81;22
51;2020-S13;C;75;22;27;8;48;14
51;2020-S13;D;17;6;7;2;10;4
51;2020-S13;E;34;17;9;8;25;9
51;2020-S14;0;407;104;118;29;289;75
51;2020-S14;A;2;0;1;0;1;0
51;2020-S14;B;178;40;39;6;139;34
51;2020-S14;C;141;36;37;10;104;26
51;2020-S14;D;44;16;25;9;19;7
51;2020-S14;E;41;12;15;4;26;8
51;2020-S15;0;355;71;123;19;232;52
51;2020-S15;A;0;0;0;0;0;0
51;2020-S15;B;136;20;49;4;87;16
51;2020-S15;C;112;29;39;7;73;22
51;2020-S15;D;29;3;11;3;18;0
51;2020-S15;E;77;19;24;5;53;14
51;2020-S16;0;425;74;124;14;301;60
51;2020-S16;A;0;0;0;0;0;0
51;2020-S16;B;126;18;23;2;103;16
51;2020-S16;C;107;18;43;6;64;12
51;2020-S16;D;45;5;21;2;24;3
51;2020-S16;E;146;33;37;4;109;29
52;2020-S11;0;0;0;0;0;0;0
52;2020-S11;A;0;0;0;0;0;0
52;2020-S11;B;0;0;0;0;0;0
52;2020-S11;C;0;0;0;0;0;0
52;2020-S11;D;0;0;0;0;0;0
52;2020-S11;E;0;0;0;0;0;0
52;2020-S12;0;19;3;5;1;14;2
52;2020-S12;A;0;0;0;0;0;0
52;2020-S12;B;6;0;0;0;6;0
52;2020-S12;C;7;1;2;0;5;1
52;2020-S12;D;0;0;0;0;0;0
52;2020-S12;E;6;2;3;1;3;1
52;2020-S13;0;42;11;8;3;34;8
52;2020-S13;A;1;0;0;0;1;0
52;2020-S13;B;13;2;0;0;13;2
52;2020-S13;C;14;4;2;1;12;3
52;2020-S13;D;2;0;1;0;1;0
52;2020-S13;E;12;5;5;2;7;3
52;2020-S14;0;27;10;8;4;19;6
52;2020-S14;A;0;0;0;0;0;0
52;2020-S14;B;5;1;1;0;4;1
52;2020-S14;C;13;5;2;1;11;4
52;2020-S14;D;1;1;0;0;1;1
52;2020-S14;E;8;3;5;3;3;0
52;2020-S15;0;23;5;7;0;16;5
52;2020-S15;A;0;0;0;0;0;0
52;2020-S15;B;10;2;3;0;7;2
52;2020-S15;C;9;2;3;0;6;2
52;2020-S15;D;1;1;0;0;1;1
52;2020-S15;E;3;0;1;0;2;0
52;2020-S16;0;11;3;3;1;8;2
52;2020-S16;A;0;0;0;0;0;0
52;2020-S16;B;0;0;0;0;0;0
52;2020-S16;C;8;1;1;0;7;1
52;2020-S16;D;0;0;0;0;0;0
52;2020-S16;E;3;2;2;1;1;1
53;2020-S11;0;0;0;0;0;0;0
53;2020-S11;A;0;0;0;0;0;0
53;2020-S11;B;0;0;0;0;0;0
53;2020-S11;C;0;0;0;0;0;0
53;2020-S11;D;0;0;0;0;0;0
53;2020-S11;E;0;0;0;0;0;0
53;2020-S12;0;3;0;2;0;1;0
53;2020-S12;A;0;0;0;0;0;0
53;2020-S12;B;3;0;2;0;1;0
53;2020-S12;C;0;0;0;0;0;0
53;2020-S12;D;0;0;0;0;0;0
53;2020-S12;E;0;0;0;0;0;0
53;2020-S13;0;4;0;0;0;4;0
53;2020-S13;A;0;0;0;0;0;0
53;2020-S13;B;1;0;0;0;1;0
53;2020-S13;C;0;0;0;0;0;0
53;2020-S13;D;1;0;0;0;1;0
53;2020-S13;E;2;0;0;0;2;0
53;2020-S14;0;2;1;0;0;2;1
53;2020-S14;A;0;0;0;0;0;0
53;2020-S14;B;2;1;0;0;2;1
53;2020-S14;C;0;0;0;0;0;0
53;2020-S14;D;0;0;0;0;0;0
53;2020-S14;E;0;0;0;0;0;0
53;2020-S15;0;14;2;3;0;11;2
53;2020-S15;A;0;0;0;0;0;0
53;2020-S15;B;6;1;2;0;4;1
53;2020-S15;C;7;1;0;0;7;1
53;2020-S15;D;0;0;0;0;0;0
53;2020-S15;E;1;0;1;0;0;0
53;2020-S16;0;16;2;4;0;12;2
53;2020-S16;A;0;0;0;0;0;0
53;2020-S16;B;4;0;1;0;3;0
53;2020-S16;C;7;2;0;0;7;2
53;2020-S16;D;2;0;1;0;1;0
53;2020-S16;E;3;0;2;0;1;0
54;2020-S11;0;0;0;0;0;0;0
54;2020-S11;A;0;0;0;0;0;0
54;2020-S11;B;0;0;0;0;0;0
54;2020-S11;C;0;0;0;0;0;0
54;2020-S11;D;0;0;0;0;0;0
54;2020-S11;E;0;0;0;0;0;0
54;2020-S12;0;21;9;10;5;11;4
54;2020-S12;A;1;0;1;0;0;0
54;2020-S12;B;6;2;1;0;5;2
54;2020-S12;C;9;4;6;3;3;1
54;2020-S12;D;3;2;1;1;2;1
54;2020-S12;E;2;1;1;1;1;0
54;2020-S13;0;228;41;71;18;157;23
54;2020-S13;A;5;0;2;0;3;0
54;2020-S13;B;96;9;22;1;74;8
54;2020-S13;C;65;13;21;7;44;6
54;2020-S13;D;29;13;15;7;14;6
54;2020-S13;E;30;6;9;3;21;3
54;2020-S14;0;350;49;111;19;239;30
54;2020-S14;A;1;0;0;0;1;0
54;2020-S14;B;140;18;42;6;98;12
54;2020-S14;C;153;19;48;6;105;13
54;2020-S14;D;29;4;12;4;17;0
54;2020-S14;E;23;7;9;3;14;4
54;2020-S15;0;426;47;119;17;307;30
54;2020-S15;A;6;0;2;0;4;0
54;2020-S15;B;144;9;40;3;104;6
54;2020-S15;C;125;9;30;4;95;5
54;2020-S15;D;31;7;17;4;14;3
54;2020-S15;E;120;22;30;6;90;16
54;2020-S16;0;360;23;100;9;260;14
54;2020-S16;A;3;0;2;0;1;0
54;2020-S16;B;114;6;31;3;83;3
54;2020-S16;C;95;9;29;3;66;6
54;2020-S16;D;30;3;13;1;17;2
54;2020-S16;E;117;5;24;2;93;3
55;2020-S11;0;0;0;0;0;0;0
55;2020-S11;A;0;0;0;0;0;0
55;2020-S11;B;0;0;0;0;0;0
55;2020-S11;C;0;0;0;0;0;0
55;2020-S11;D;0;0;0;0;0;0
55;2020-S11;E;0;0;0;0;0;0
55;2020-S12;0;2;0;0;0;2;0
55;2020-S12;A;0;0;0;0;0;0
55;2020-S12;B;1;0;0;0;1;0
55;2020-S12;C;0;0;0;0;0;0
55;2020-S12;D;1;0;0;0;1;0
55;2020-S12;E;0;0;0;0;0;0
55;2020-S13;0;33;10;8;2;25;8
55;2020-S13;A;0;0;0;0;0;0
55;2020-S13;B;15;1;2;0;13;1
55;2020-S13;C;16;8;5;2;11;6
55;2020-S13;D;1;0;1;0;0;0
55;2020-S13;E;1;1;0;0;1;1
55;2020-S14;0;93;20;26;5;67;15
55;2020-S14;A;1;0;1;0;0;0
55;2020-S14;B;43;6;9;1;34;5
55;2020-S14;C;26;5;9;2;17;3
55;2020-S14;D;7;3;2;2;5;1
55;2020-S14;E;16;6;5;0;11;6
55;2020-S15;0;134;16;27;2;107;14
55;2020-S15;A;2;0;1;0;1;0
55;2020-S15;B;26;2;5;0;21;2
55;2020-S15;C;35;7;6;1;29;6
55;2020-S15;D;12;0;5;0;7;0
55;2020-S15;E;59;7;10;1;49;6
55;2020-S16;0;85;10;18;0;67;10
55;2020-S16;A;2;0;1;0;1;0
55;2020-S16;B;29;2;5;0;24;2
55;2020-S16;C;24;4;1;0;23;4
55;2020-S16;D;8;1;4;0;4;1
55;2020-S16;E;22;3;7;0;15;3
56;2020-S11;0;0;0;0;0;0;0
56;2020-S11;A;0;0;0;0;0;0
56;2020-S11;B;0;0;0;0;0;0
56;2020-S11;C;0;0;0;0;0;0
56;2020-S11;D;0;0;0;0;0;0
56;2020-S11;E;0;0;0;0;0;0
56;2020-S12;0;1;0;0;0;1;0
56;2020-S12;A;0;0;0;0;0;0
56;2020-S12;B;0;0;0;0;0;0
56;2020-S12;C;1;0;0;0;1;0
56;2020-S12;D;0;0;0;0;0;0
56;2020-S12;E;0;0;0;0;0;0
56;2020-S13;0;9;1;3;1;6;0
56;2020-S13;A;0;0;0;0;0;0
56;2020-S13;B;4;0;2;0;2;0
56;2020-S13;C;2;0;0;0;2;0
56;2020-S13;D;1;0;0;0;1;0
56;2020-S13;E;2;1;1;1;1;0
56;2020-S14;0;6;1;0;0;6;1
56;2020-S14;A;0;0;0;0;0;0
56;2020-S14;B;2;0;0;0;2;0
56;2020-S14;C;4;1;0;0;4;1
56;2020-S14;D;0;0;0;0;0;0
56;2020-S14;E;0;0;0;0;0;0
56;2020-S15;0;6;0;4;0;2;0
56;2020-S15;A;0;0;0;0;0;0
56;2020-S15;B;1;0;1;0;0;0
56;2020-S15;C;3;0;2;0;1;0
56;2020-S15;D;1;0;0;0;1;0
56;2020-S15;E;1;0;1;0;0;0
56;2020-S16;0;4;1;1;0;3;1
56;2020-S16;A;1;0;1;0;0;0
56;2020-S16;B;0;0;0;0;0;0
56;2020-S16;C;1;0;0;0;1;0
56;2020-S16;D;1;0;0;0;1;0
56;2020-S16;E;1;1;0;0;1;1
57;2020-S11;0;25;3;9;2;16;1
57;2020-S11;A;2;0;0;0;2;0
57;2020-S11;B;9;1;3;0;6;1
57;2020-S11;C;9;0;3;0;6;0
57;2020-S11;D;3;2;2;2;1;0
57;2020-S11;E;2;0;1;0;1;0
57;2020-S12;0;33;15;15;7;18;8
57;2020-S12;A;0;0;0;0;0;0
57;2020-S12;B;7;2;1;0;6;2
57;2020-S12;C;14;7;9;4;5;3
57;2020-S12;D;5;2;2;1;3;1
57;2020-S12;E;7;4;3;2;4;2
57;2020-S13;0;251;76;64;16;187;60
57;2020-S13;A;1;0;0;0;1;0
57;2020-S13;B;104;30;18;4;86;26
57;2020-S13;C;97;28;28;8;69;20
57;2020-S13;D;15;3;6;1;9;2
57;2020-S13;E;34;15;12;3;22;12
57;2020-S14;0;628;185;205;67;423;118
57;2020-S14;A;4;0;4;0;0;0
57;2020-S14;B;246;57;66;17;180;40
57;2020-S14;C;226;64;69;25;157;39
57;2020-S14;D;54;20;31;10;23;10
57;2020-S14;E;98;44;35;15;63;29
57;2020-S15;0;866;181;253;50;613;131
57;2020-S15;A;4;0;2;0;2;0
57;2020-S15;B;218;30;55;7;163;23
57;2020-S15;C;213;25;72;11;141;14
57;2020-S15;D;73;20;40;8;33;12
57;2020-S15;E;358;106;84;24;274;82
57;2020-S16;0;924;134;234;27;690;107
57;2020-S16;A;5;0;1;0;4;0
57;2020-S16;B;257;28;61;3;196;25
57;2020-S16;C;235;21;68;4;167;17
57;2020-S16;D;53;9;27;7;26;2
57;2020-S16;E;374;76;77;13;297;63
58;2020-S11;0;5;0;1;0;4;0
58;2020-S11;A;0;0;0;0;0;0
58;2020-S11;B;2;0;1;0;1;0
58;2020-S11;C;2;0;0;0;2;0
58;2020-S11;D;0;0;0;0;0;0
58;2020-S11;E;1;0;0;0;1;0
58;2020-S12;0;19;1;5;1;14;0
58;2020-S12;A;0;0;0;0;0;0
58;2020-S12;B;10;1;4;1;6;0
58;2020-S12;C;7;0;1;0;6;0
58;2020-S12;D;1;0;0;0;1;0
58;2020-S12;E;1;0;0;0;1;0
58;2020-S13;0;80;14;28;2;52;12
58;2020-S13;A;2;0;1;0;1;0
58;2020-S13;B;43;6;15;1;28;5
58;2020-S13;C;21;3;6;0;15;3
58;2020-S13;D;9;2;3;0;6;2
58;2020-S13;E;5;3;3;1;2;2
58;2020-S14;0;224;32;78;9;146;23
58;2020-S14;A;3;0;2;0;1;0
58;2020-S14;B;83;8;26;0;57;8
58;2020-S14;C;95;15;29;5;66;10
58;2020-S14;D;17;2;11;2;6;0
58;2020-S14;E;25;7;10;2;15;5
58;2020-S15;0;261;56;81;16;180;40
58;2020-S15;A;1;0;0;0;1;0
58;2020-S15;B;75;7;21;2;54;5
58;2020-S15;C;82;13;27;3;55;10
58;2020-S15;D;24;2;11;1;13;1
58;2020-S15;E;78;34;22;10;56;24
58;2020-S16;0;370;28;96;9;274;19
58;2020-S16;A;2;0;2;0;0;0
58;2020-S16;B;123;6;26;3;97;3
58;2020-S16;C;149;13;38;4;111;9
58;2020-S16;D;18;1;5;0;13;1
58;2020-S16;E;77;8;25;2;52;6
59;2020-S11;0;3;1;2;1;1;0
59;2020-S11;A;0;0;0;0;0;0
59;2020-S11;B;1;0;0;0;1;0
59;2020-S11;C;2;1;2;1;0;0
59;2020-S11;D;0;0;0;0;0;0
59;2020-S11;E;0;0;0;0;0;0
59;2020-S12;0;52;7;24;6;28;1
59;2020-S12;A;1;0;1;0;0;0
59;2020-S12;B;9;0;2;0;7;0
59;2020-S12;C;10;1;8;1;2;0
59;2020-S12;D;7;1;4;1;3;0
59;2020-S12;E;24;5;8;4;16;1
59;2020-S13;0;248;70;96;34;152;36
59;2020-S13;A;0;0;0;0;0;0
59;2020-S13;B;80;19;17;4;63;15
59;2020-S13;C;58;20;26;10;32;10
59;2020-S13;D;27;10;17;9;10;1
59;2020-S13;E;83;21;36;11;47;10
59;2020-S14;0;387;77;128;26;259;51
59;2020-S14;A;4;0;3;0;1;0
59;2020-S14;B;155;29;40;11;115;18
59;2020-S14;C;131;20;54;7;77;13
59;2020-S14;D;32;4;19;2;13;2
59;2020-S14;E;65;24;12;6;53;18
59;2020-S15;0;628;116;205;30;423;86
59;2020-S15;A;9;0;3;0;6;0
59;2020-S15;B;284;45;84;5;200;40
59;2020-S15;C;201;40;75;14;126;26
59;2020-S15;D;51;9;19;3;32;6
59;2020-S15;E;81;22;23;8;58;14
59;2020-S16;0;348;56;115;10;233;46
59;2020-S16;A;5;1;2;0;3;1
59;2020-S16;B;179;31;60;5;119;26
59;2020-S16;C;111;15;39;4;72;11
59;2020-S16;D;22;2;7;0;15;2
59;2020-S16;E;31;7;7;1;24;6
60;2020-S11;0;4;0;0;0;4;0
60;2020-S11;A;0;0;0;0;0;0
60;2020-S11;B;1;0;0;0;1;0
60;2020-S11;C;3;0;0;0;3;0
60;2020-S11;D;0;0;0;0;0;0
60;2020-S11;E;0;0;0;0;0;0
60;2020-S12;0;73;29;33;16;40;13
60;2020-S12;A;1;0;1;0;0;0
60;2020-S12;B;18;8;9;5;9;3
60;2020-S12;C;26;12;10;5;16;7
60;2020-S12;D;9;5;7;5;2;0
60;2020-S12;E;19;4;6;1;13;3
60;2020-S13;0;483;208;189;85;294;123
60;2020-S13;A;7;0;3;0;4;0
60;2020-S13;B;160;67;40;19;120;48
60;2020-S13;C;155;57;64;25;91;32
60;2020-S13;D;54;35;36;21;18;14
60;2020-S13;E;107;49;46;20;61;29
60;2020-S14;0;974;370;324;142;650;228
60;2020-S14;A;11;2;8;2;3;0
60;2020-S14;B;393;134;96;40;297;94
60;2020-S14;C;353;144;121;63;232;81
60;2020-S14;D;78;31;47;19;31;12
60;2020-S14;E;139;59;52;18;87;41
60;2020-S15;0;1011;285;343;93;668;192
60;2020-S15;A;7;0;5;0;2;0
60;2020-S15;B;392;91;100;22;292;69
60;2020-S15;C;309;89;126;39;183;50
60;2020-S15;D;83;17;36;6;47;11
60;2020-S15;E;219;88;76;26;143;62
60;2020-S16;0;615;103;221;31;394;72
60;2020-S16;A;5;0;3;0;2;0
60;2020-S16;B;238;44;87;13;151;31
60;2020-S16;C;192;38;69;11;123;27
60;2020-S16;D;50;8;20;7;30;1
60;2020-S16;E;130;13;42;0;88;13
61;2020-S11;0;9;1;6;1;3;0
61;2020-S11;A;0;0;0;0;0;0
61;2020-S11;B;5;0;2;0;3;0
61;2020-S11;C;2;1;2;1;0;0
61;2020-S11;D;1;0;1;0;0;0
61;2020-S11;E;1;0;1;0;0;0
61;2020-S12;0;61;7;24;2;37;5
61;2020-S12;A;6;0;2;0;4;0
61;2020-S12;B;25;2;11;1;14;1
61;2020-S12;C;19;4;6;0;13;4
61;2020-S12;D;3;0;1;0;2;0
61;2020-S12;E;8;1;4;1;4;0
61;2020-S13;0;149;20;52;8;97;12
61;2020-S13;A;6;0;4;0;2;0
61;2020-S13;B;60;3;12;1;48;2
61;2020-S13;C;54;12;18;5;36;7
61;2020-S13;D;11;3;7;1;4;2
61;2020-S13;E;18;2;11;1;7;1
61;2020-S14;0;133;8;54;4;79;4
61;2020-S14;A;4;0;1;0;3;0
61;2020-S14;B;60;2;21;1;39;1
61;2020-S14;C;35;2;17;2;18;0
61;2020-S14;D;17;1;9;1;8;0
61;2020-S14;E;17;3;6;0;11;3
61;2020-S15;0;119;12;45;5;74;7
61;2020-S15;A;2;0;0;0;2;0
61;2020-S15;B;48;5;21;3;27;2
61;2020-S15;C;45;3;17;2;28;1
61;2020-S15;D;10;3;2;0;8;3
61;2020-S15;E;14;1;5;0;9;1
61;2020-S16;0;142;11;34;6;108;5
61;2020-S16;A;0;0;0;0;0;0
61;2020-S16;B;64;4;12;2;52;2
61;2020-S16;C;61;4;14;2;47;2
61;2020-S16;D;9;2;5;1;4;1
61;2020-S16;E;6;1;3;1;3;0
62;2020-S11;0;2;1;1;0;1;1
62;2020-S11;A;0;0;0;0;0;0
62;2020-S11;B;1;1;0;0;1;1
62;2020-S11;C;0;0;0;0;0;0
62;2020-S11;D;1;0;1;0;0;0
62;2020-S11;E;0;0;0;0;0;0
62;2020-S12;0;21;2;9;1;12;1
62;2020-S12;A;1;0;1;0;0;0
62;2020-S12;B;8;0;0;0;8;0
62;2020-S12;C;7;1;6;0;1;1
62;2020-S12;D;2;1;1;1;1;0
62;2020-S12;E;3;0;1;0;2;0
62;2020-S13;0;134;27;48;12;86;15
62;2020-S13;A;0;0;0;0;0;0
62;2020-S13;B;38;6;8;1;30;5
62;2020-S13;C;40;10;18;3;22;7
62;2020-S13;D;24;7;15;6;9;1
62;2020-S13;E;32;4;7;2;25;2
62;2020-S14;0;379;83;111;27;268;56
62;2020-S14;A;7;0;5;0;2;0
62;2020-S14;B;181;29;48;6;133;23
62;2020-S14;C;130;37;33;12;97;25
62;2020-S14;D;29;8;15;7;14;1
62;2020-S14;E;32;9;10;2;22;7
62;2020-S15;0;698;140;210;32;488;108
62;2020-S15;A;12;0;8;0;4;0
62;2020-S15;B;276;39;77;9;199;30
62;2020-S15;C;246;53;67;10;179;43
62;2020-S15;D;55;10;29;6;26;4
62;2020-S15;E;109;38;29;7;80;31
62;2020-S16;0;446;86;163;24;283;62
62;2020-S16;A;18;0;10;0;8;0
62;2020-S16;B;193;37;63;12;130;25
62;2020-S16;C;147;27;54;5;93;22
62;2020-S16;D;33;8;17;2;16;6
62;2020-S16;E;55;14;19;5;36;9
63;2020-S11;0;0;0;0;0;0;0
63;2020-S11;A;0;0;0;0;0;0
63;2020-S11;B;0;0;0;0;0;0
63;2020-S11;C;0;0;0;0;0;0
63;2020-S11;D;0;0;0;0;0;0
63;2020-S11;E;0;0;0;0;0;0
63;2020-S12;0;2;0;0;0;2;0
63;2020-S12;A;0;0;0;0;0;0
63;2020-S12;B;2;0;0;0;2;0
63;2020-S12;C;0;0;0;0;0;0
63;2020-S12;D;0;0;0;0;0;0
63;2020-S12;E;0;0;0;0;0;0
63;2020-S13;0;4;0;2;0;2;0
63;2020-S13;A;0;0;0;0;0;0
63;2020-S13;B;1;0;1;0;0;0
63;2020-S13;C;1;0;0;0;1;0
63;2020-S13;D;0;0;0;0;0;0
63;2020-S13;E;2;0;1;0;1;0
63;2020-S14;0;7;1;3;1;4;0
63;2020-S14;A;0;0;0;0;0;0
63;2020-S14;B;4;0;1;0;3;0
63;2020-S14;C;3;1;2;1;1;0
63;2020-S14;D;0;0;0;0;0;0
63;2020-S14;E;0;0;0;0;0;0
63;2020-S15;0;8;0;1;0;7;0
63;2020-S15;A;0;0;0;0;0;0
63;2020-S15;B;4;0;0;0;4;0
63;2020-S15;C;3;0;1;0;2;0
63;2020-S15;D;0;0;0;0;0;0
63;2020-S15;E;1;0;0;0;1;0
63;2020-S16;0;5;0;1;0;4;0
63;2020-S16;A;0;0;0;0;0;0
63;2020-S16;B;2;0;1;0;1;0
63;2020-S16;C;1;0;0;0;1;0
63;2020-S16;D;0;0;0;0;0;0
63;2020-S16;E;2;0;0;0;2;0
64;2020-S11;0;24;0;13;0;11;0
64;2020-S11;A;1;0;0;0;1;0
64;2020-S11;B;12;0;8;0;4;0
64;2020-S11;C;8;0;3;0;5;0
64;2020-S11;D;1;0;0;0;1;0
64;2020-S11;E;2;0;2;0;0;0
64;2020-S12;0;86;11;32;5;54;6
64;2020-S12;A;3;0;0;0;3;0
64;2020-S12;B;47;7;16;4;31;3
64;2020-S12;C;33;4;14;1;19;3
64;2020-S12;D;0;0;0;0;0;0
64;2020-S12;E;2;0;1;0;1;0
64;2020-S13;0;92;16;22;7;70;9
64;2020-S13;A;0;0;0;0;0;0
64;2020-S13;B;45;7;11;3;34;4
64;2020-S13;C;24;5;7;2;17;3
64;2020-S13;D;6;1;1;1;5;0
64;2020-S13;E;17;3;3;1;14;2
64;2020-S14;0;148;18;30;4;118;14
64;2020-S14;A;0;0;0;0;0;0
64;2020-S14;B;86;7;10;1;76;6
64;2020-S14;C;45;8;12;1;33;7
64;2020-S14;D;9;1;5;1;4;0
64;2020-S14;E;8;2;3;1;5;1
64;2020-S15;0;123;16;43;4;80;12
64;2020-S15;A;3;1;1;0;2;1
64;2020-S15;B;55;5;19;1;36;4
64;2020-S15;C;34;5;12;2;22;3
64;2020-S15;D;7;0;5;0;2;0
64;2020-S15;E;23;5;5;1;18;4
64;2020-S16;0;54;0;20;0;34;0
64;2020-S16;A;0;0;0;0;0;0
64;2020-S16;B;22;0;10;0;12;0
64;2020-S16;C;16;0;4;0;12;0
64;2020-S16;D;2;0;1;0;1;0
64;2020-S16;E;13;0;5;0;8;0
65;2020-S11;0;3;1;2;1;1;0
65;2020-S11;A;0;0;0;0;0;0
65;2020-S11;B;0;0;0;0;0;0
65;2020-S11;C;2;1;2;1;0;0
65;2020-S11;D;1;0;0;0;1;0
65;2020-S11;E;0;0;0;0;0;0
65;2020-S12;0;19;1;2;0;17;1
65;2020-S12;A;0;0;0;0;0;0
65;2020-S12;B;9;0;1;0;8;0
65;2020-S12;C;10;1;1;0;9;1
65;2020-S12;D;0;0;0;0;0;0
65;2020-S12;E;0;0;0;0;0;0
65;2020-S13;0;40;13;14;7;26;6
65;2020-S13;A;1;1;0;0;1;1
65;2020-S13;B;12;4;4;3;8;1
65;2020-S13;C;23;8;10;4;13;4
65;2020-S13;D;1;0;0;0;1;0
65;2020-S13;E;3;0;0;0;3;0
65;2020-S14;0;110;13;32;5;78;8
65;2020-S14;A;1;0;0;0;1;0
65;2020-S14;B;51;4;16;2;35;2
65;2020-S14;C;46;9;10;3;36;6
65;2020-S14;D;9;0;5;0;4;0
65;2020-S14;E;3;0;1;0;2;0
65;2020-S15;0;70;2;26;1;44;1
65;2020-S15;A;0;0;0;0;0;0
65;2020-S15;B;31;0;12;0;19;0
65;2020-S15;C;20;2;6;1;14;1
65;2020-S15;D;8;0;3;0;5;0
65;2020-S15;E;10;0;5;0;5;0
65;2020-S16;0;177;36;39;9;138;27
65;2020-S16;A;0;0;0;0;0;0
65;2020-S16;B;36;1;8;1;28;0
65;2020-S16;C;32;1;8;0;24;1
65;2020-S16;D;14;5;4;2;10;3
65;2020-S16;E;95;29;19;6;76;23
66;2020-S11;0;0;0;0;0;0;0
66;2020-S11;A;0;0;0;0;0;0
66;2020-S11;B;0;0;0;0;0;0
66;2020-S11;C;0;0;0;0;0;0
66;2020-S11;D;0;0;0;0;0;0
66;2020-S11;E;0;0;0;0;0;0
66;2020-S12;0;3;0;1;0;2;0
66;2020-S12;A;0;0;0;0;0;0
66;2020-S12;B;1;0;0;0;1;0
66;2020-S12;C;1;0;0;0;1;0
66;2020-S12;D;1;0;1;0;0;0
66;2020-S12;E;0;0;0;0;0;0
66;2020-S13;0;20;2;8;0;12;2
66;2020-S13;A;1;0;0;0;1;0
66;2020-S13;B;10;2;2;0;8;2
66;2020-S13;C;6;0;3;0;3;0
66;2020-S13;D;1;0;1;0;0;0
66;2020-S13;E;2;0;2;0;0;0
66;2020-S14;0;17;2;6;0;11;2
66;2020-S14;A;1;0;0;0;1;0
66;2020-S14;B;6;0;3;0;3;0
66;2020-S14;C;7;0;3;0;4;0
66;2020-S14;D;1;1;0;0;1;1
66;2020-S14;E;2;1;0;0;2;1
66;2020-S15;0;17;1;6;0;11;1
66;2020-S15;A;0;0;0;0;0;0
66;2020-S15;B;6;1;4;0;2;1
66;2020-S15;C;6;0;1;0;5;0
66;2020-S15;D;2;0;1;0;1;0
66;2020-S15;E;3;0;0;0;3;0
66;2020-S16;0;10;0;1;0;9;0
66;2020-S16;A;0;0;0;0;0;0
66;2020-S16;B;7;0;1;0;6;0
66;2020-S16;C;2;0;0;0;2;0
66;2020-S16;D;1;0;0;0;1;0
66;2020-S16;E;0;0;0;0;0;0
67;2020-S11;0;4;1;3;1;1;0
67;2020-S11;A;0;0;0;0;0;0
67;2020-S11;B;1;0;0;0;1;0
67;2020-S11;C;0;0;0;0;0;0
67;2020-S11;D;2;0;2;0;0;0
67;2020-S11;E;1;1;1;1;0;0
67;2020-S12;0;16;4;3;0;13;4
67;2020-S12;A;0;0;0;0;0;0
67;2020-S12;B;9;2;2;0;7;2
67;2020-S12;C;4;1;1;0;3;1
67;2020-S12;D;0;0;0;0;0;0
67;2020-S12;E;3;1;0;0;3;1
67;2020-S13;0;280;97;88;35;192;62
67;2020-S13;A;1;0;0;0;1;0
67;2020-S13;B;103;25;24;7;79;18
67;2020-S13;C;105;46;33;14;72;32
67;2020-S13;D;28;15;15;9;13;6
67;2020-S13;E;43;11;16;5;27;6
67;2020-S14;0;496;136;139;42;357;94
67;2020-S14;A;2;1;2;1;0;0
67;2020-S14;B;229;65;57;20;172;45
67;2020-S14;C;189;47;52;13;137;34
67;2020-S14;D;32;8;14;1;18;7
67;2020-S14;E;44;15;14;7;30;8
67;2020-S15;0;346;75;118;26;228;49
67;2020-S15;A;4;0;2;0;2;0
67;2020-S15;B;134;26;38;7;96;19
67;2020-S15;C;126;22;40;7;86;15
67;2020-S15;D;38;5;24;5;14;0
67;2020-S15;E;44;22;14;7;30;15
67;2020-S16;0;414;109;113;23;301;86
67;2020-S16;A;5;0;4;0;1;0
67;2020-S16;B;115;22;30;5;85;17
67;2020-S16;C;110;22;30;4;80;18
67;2020-S16;D;41;9;15;2;26;7
67;2020-S16;E;143;56;34;12;109;44
68;2020-S11;0;43;21;18;7;25;14
68;2020-S11;A;0;0;0;0;0;0
68;2020-S11;B;4;1;0;0;4;1
68;2020-S11;C;8;3;6;1;2;2
68;2020-S11;D;9;6;5;3;4;3
68;2020-S11;E;22;11;7;3;15;8
68;2020-S12;0;161;75;58;29;103;46
68;2020-S12;A;2;0;1;0;1;0
68;2020-S12;B;56;19;11;2;45;17
68;2020-S12;C;51;28;22;12;29;16
68;2020-S12;D;21;11;12;10;9;1
68;2020-S12;E;31;17;12;5;19;12
68;2020-S13;0;403;170;116;63;287;107
68;2020-S13;A;2;0;1;0;1;0
68;2020-S13;B;128;51;23;11;105;40
68;2020-S13;C;162;63;47;27;115;36
68;2020-S13;D;42;20;22;11;20;9
68;2020-S13;E;69;36;23;14;46;22
68;2020-S14;0;982;340;358;122;624;218
68;2020-S14;A;12;0;4;0;8;0
68;2020-S14;B;343;96;95;20;248;76
68;2020-S14;C;386;137;145;49;241;88
68;2020-S14;D;88;30;52;19;36;11
68;2020-S14;E;153;77;62;34;91;43
68;2020-S15;0;810;174;340;69;470;105
68;2020-S15;A;17;0;11;0;6;0
68;2020-S15;B;295;55;126;17;169;38
68;2020-S15;C;313;55;122;24;191;31
68;2020-S15;D;63;13;33;8;30;5
68;2020-S15;E;122;51;48;20;74;31
68;2020-S16;0;678;114;248;37;430;77
68;2020-S16;A;12;0;7;0;5;0
68;2020-S16;B;229;27;97;10;132;17
68;2020-S16;C;215;29;75;8;140;21
68;2020-S16;D;46;9;15;7;31;2
68;2020-S16;E;159;49;52;12;107;37
69;2020-S11;0;25;1;24;1;1;0
69;2020-S11;A;0;0;0;0;0;0
69;2020-S11;B;21;1;20;1;1;0
69;2020-S11;C;3;0;3;0;0;0
69;2020-S11;D;1;0;1;0;0;0
69;2020-S11;E;0;0;0;0;0;0
69;2020-S12;0;288;69;94;25;194;44
69;2020-S12;A;9;0;4;0;5;0
69;2020-S12;B;124;22;34;7;90;15
69;2020-S12;C;87;27;27;7;60;20
69;2020-S12;D;27;13;15;9;12;4
69;2020-S12;E;41;7;14;2;27;5
69;2020-S13;0;112;29;44;15;68;14
69;2020-S13;A;0;0;0;0;0;0
69;2020-S13;B;36;6;15;4;21;2
69;2020-S13;C;32;12;10;5;22;7
69;2020-S13;D;11;4;5;2;6;2
69;2020-S13;E;33;7;14;4;19;3
69;2020-S14;0;335;54;114;21;221;33
69;2020-S14;A;3;0;2;0;1;0
69;2020-S14;B;132;15;33;6;99;9
69;2020-S14;C;114;19;41;6;73;13
69;2020-S14;D;39;8;22;5;17;3
69;2020-S14;E;46;11;16;4;30;7
69;2020-S15;0;447;85;133;21;314;64
69;2020-S15;A;11;0;7;0;4;0
69;2020-S15;B;187;36;60;8;127;28
69;2020-S15;C;137;25;35;5;102;20
69;2020-S15;D;47;6;12;3;35;3
69;2020-S15;E;65;18;19;5;46;13
69;2020-S16;0;287;23;86;6;201;17
69;2020-S16;A;3;0;1;0;2;0
69;2020-S16;B;98;10;29;4;69;6
69;2020-S16;C;67;6;19;1;48;5
69;2020-S16;D;19;0;10;0;9;0
69;2020-S16;E;100;7;27;1;73;6
70;2020-S11;0;1;0;0;0;1;0
70;2020-S11;A;0;0;0;0;0;0
70;2020-S11;B;1;0;0;0;1;0
70;2020-S11;C;0;0;0;0;0;0
70;2020-S11;D;0;0;0;0;0;0
70;2020-S11;E;0;0;0;0;0;0
70;2020-S12;0;57;23;22;11;35;12
70;2020-S12;A;0;0;0;0;0;0
70;2020-S12;B;19;8;6;3;13;5
70;2020-S12;C;26;10;10;6;16;4
70;2020-S12;D;4;1;2;0;2;1
70;2020-S12;E;7;3;3;1;4;2
70;2020-S13;0;220;73;85;30;135;43
70;2020-S13;A;3;0;1;0;2;0
70;2020-S13;B;76;13;20;2;56;11
70;2020-S13;C;83;29;38;13;45;16
70;2020-S13;D;32;15;15;9;17;6
70;2020-S13;E;26;16;11;6;15;10
70;2020-S14;0;191;34;65;12;126;22
70;2020-S14;A;0;0;0;0;0;0
70;2020-S14;B;72;8;17;0;55;8
70;2020-S14;C;75;16;30;8;45;8
70;2020-S14;D;24;4;12;2;12;2
70;2020-S14;E;20;6;6;2;14;4
70;2020-S15;0;197;43;63;16;134;27
70;2020-S15;A;4;0;1;0;3;0
70;2020-S15;B;58;10;7;1;51;9
70;2020-S15;C;94;22;35;11;59;11
70;2020-S15;D;24;4;12;1;12;3
70;2020-S15;E;17;7;8;3;9;4
70;2020-S16;0;215;59;70;23;145;36
70;2020-S16;A;2;0;0;0;2;0
70;2020-S16;B;82;21;27;5;55;16
70;2020-S16;C;91;27;24;11;67;16
70;2020-S16;D;23;7;10;4;13;3
70;2020-S16;E;15;4;8;3;7;1
71;2020-S11;0;0;0;0;0;0;0
71;2020-S11;A;0;0;0;0;0;0
71;2020-S11;B;0;0;0;0;0;0
71;2020-S11;C;0;0;0;0;0;0
71;2020-S11;D;0;0;0;0;0;0
71;2020-S11;E;0;0;0;0;0;0
71;2020-S12;0;47;6;20;2;27;4
71;2020-S12;A;2;0;2;0;0;0
71;2020-S12;B;12;4;3;1;9;3
71;2020-S12;C;12;0;2;0;10;0
71;2020-S12;D;6;0;3;0;3;0
71;2020-S12;E;15;2;10;1;5;1
71;2020-S13;0;213;27;62;11;151;16
71;2020-S13;A;1;1;0;0;1;1
71;2020-S13;B;74;7;16;1;58;6
71;2020-S13;C;83;7;23;2;60;5
71;2020-S13;D;13;6;8;6;5;0
71;2020-S13;E;42;6;15;2;27;4
71;2020-S14;0;431;49;143;16;288;33
71;2020-S14;A;4;0;4;0;0;0
71;2020-S14;B;154;12;37;1;117;11
71;2020-S14;C;173;25;52;8;121;17
71;2020-S14;D;35;5;20;4;15;1
71;2020-S14;E;65;7;30;3;35;4
71;2020-S15;0;528;81;174;28;354;53
71;2020-S15;A;7;0;5;0;2;0
71;2020-S15;B;174;25;58;8;116;17
71;2020-S15;C;189;22;53;6;136;16
71;2020-S15;D;62;15;26;7;36;8
71;2020-S15;E;96;19;32;7;64;12
71;2020-S16;0;460;43;146;19;314;24
71;2020-S16;A;8;0;2;0;6;0
71;2020-S16;B;172;14;50;6;122;8
71;2020-S16;C;169;17;52;5;117;12
71;2020-S16;D;40;2;20;2;20;0
71;2020-S16;E;68;10;22;6;46;4
72;2020-S11;0;1;0;0;0;1;0
72;2020-S11;A;0;0;0;0;0;0
72;2020-S11;B;0;0;0;0;0;0
72;2020-S11;C;1;0;0;0;1;0
72;2020-S11;D;0;0;0;0;0;0
72;2020-S11;E;0;0;0;0;0;0
72;2020-S12;0;2;1;1;1;1;0
72;2020-S12;A;0;0;0;0;0;0
72;2020-S12;B;0;0;0;0;0;0
72;2020-S12;C;2;1;1;1;1;0
72;2020-S12;D;0;0;0;0;0;0
72;2020-S12;E;0;0;0;0;0;0
72;2020-S13;0;4;1;1;0;3;1
72;2020-S13;A;0;0;0;0;0;0
72;2020-S13;B;2;1;0;0;2;1
72;2020-S13;C;2;0;1;0;1;0
72;2020-S13;D;0;0;0;0;0;0
72;2020-S13;E;0;0;0;0;0;0
72;2020-S14;0;2;0;2;0;0;0
72;2020-S14;A;0;0;0;0;0;0
72;2020-S14;B;1;0;1;0;0;0
72;2020-S14;C;1;0;1;0;0;0
72;2020-S14;D;0;0;0;0;0;0
72;2020-S14;E;0;0;0;0;0;0
72;2020-S15;0;7;0;0;0;7;0
72;2020-S15;A;0;0;0;0;0;0
72;2020-S15;B;4;0;0;0;4;0
72;2020-S15;C;1;0;0;0;1;0
72;2020-S15;D;1;0;0;0;1;0
72;2020-S15;E;1;0;0;0;1;0
72;2020-S16;0;4;1;1;0;3;1
72;2020-S16;A;0;0;0;0;0;0
72;2020-S16;B;1;1;0;0;1;1
72;2020-S16;C;2;0;1;0;1;0
72;2020-S16;D;0;0;0;0;0;0
72;2020-S16;E;1;0;0;0;1;0
73;2020-S11;0;0;0;0;0;0;0
73;2020-S11;A;0;0;0;0;0;0
73;2020-S11;B;0;0;0;0;0;0
73;2020-S11;C;0;0;0;0;0;0
73;2020-S11;D;0;0;0;0;0;0
73;2020-S11;E;0;0;0;0;0;0
73;2020-S12;0;33;3;7;0;26;3
73;2020-S12;A;0;0;0;0;0;0
73;2020-S12;B;14;1;3;0;11;1
73;2020-S12;C;12;2;2;0;10;2
73;2020-S12;D;0;0;0;0;0;0
73;2020-S12;E;7;0;2;0;5;0
73;2020-S13;0;52;10;17;4;35;6
73;2020-S13;A;1;0;1;0;0;0
73;2020-S13;B;28;5;5;1;23;4
73;2020-S13;C;14;3;6;2;8;1
73;2020-S13;D;2;0;2;0;0;0
73;2020-S13;E;7;2;3;1;4;1
73;2020-S14;0;51;10;7;1;44;9
73;2020-S14;A;0;0;0;0;0;0
73;2020-S14;B;27;2;0;0;27;2
73;2020-S14;C;20;8;4;1;16;7
73;2020-S14;D;3;0;2;0;1;0
73;2020-S14;E;1;0;1;0;0;0
73;2020-S15;0;80;12;24;5;56;7
73;2020-S15;A;2;0;1;0;1;0
73;2020-S15;B;36;4;8;1;28;3
73;2020-S15;C;31;8;11;4;20;4
73;2020-S15;D;7;0;2;0;5;0
73;2020-S15;E;4;0;2;0;2;0
73;2020-S16;0;39;0;14;0;25;0
73;2020-S16;A;1;0;0;0;1;0
73;2020-S16;B;16;0;4;0;12;0
73;2020-S16;C;15;0;8;0;7;0
73;2020-S16;D;3;0;1;0;2;0
73;2020-S16;E;4;0;1;0;3;0
74;2020-S11;0;19;2;9;1;10;1
74;2020-S11;A;0;0;0;0;0;0
74;2020-S11;B;10;0;5;0;5;0
74;2020-S11;C;8;2;4;1;4;1
74;2020-S11;D;0;0;0;0;0;0
74;2020-S11;E;1;0;0;0;1;0
74;2020-S12;0;348;75;94;23;254;52
74;2020-S12;A;7;1;3;0;4;1
74;2020-S12;B;187;32;41;7;146;25
74;2020-S12;C;116;35;33;11;83;24
74;2020-S12;D;15;4;11;4;4;0
74;2020-S12;E;22;3;6;1;16;2
74;2020-S13;0;448;140;136;47;312;93
74;2020-S13;A;5;0;5;0;0;0
74;2020-S13;B;248;65;65;18;183;47
74;2020-S13;C;152;61;50;26;102;35
74;2020-S13;D;13;5;8;2;5;3
74;2020-S13;E;28;7;8;1;20;6
74;2020-S14;0;483;132;127;44;356;88
74;2020-S14;A;2;0;2;0;0;0
74;2020-S14;B;255;59;57;15;198;44
74;2020-S14;C;176;49;50;18;126;31
74;2020-S14;D;21;8;9;5;12;3
74;2020-S14;E;29;16;9;6;20;10
74;2020-S15;0;484;109;127;22;357;87
74;2020-S15;A;2;0;1;0;1;0
74;2020-S15;B;186;23;50;4;136;19
74;2020-S15;C;127;28;29;2;98;26
74;2020-S15;D;32;4;13;2;19;2
74;2020-S15;E;137;54;34;14;103;40
74;2020-S16;0;409;51;105;10;304;41
74;2020-S16;A;3;0;3;0;0;0
74;2020-S16;B;172;20;37;7;135;13
74;2020-S16;C;110;5;32;1;78;4
74;2020-S16;D;33;5;14;1;19;4
74;2020-S16;E;91;21;19;1;72;20
75;2020-S11;0;119;36;48;13;71;23
75;2020-S11;A;1;0;0;0;1;0
75;2020-S11;B;72;21;29;8;43;13
75;2020-S11;C;34;10;12;3;22;7
75;2020-S11;D;9;5;5;2;4;3
75;2020-S11;E;3;0;2;0;1;0
75;2020-S12;0;1066;447;418;191;648;256
75;2020-S12;A;6;2;4;2;2;0
75;2020-S12;B;555;214;194;82;361;132
75;2020-S12;C;347;150;141;63;206;87
75;2020-S12;D;83;39;44;23;39;16
75;2020-S12;E;74;41;35;21;39;20
75;2020-S13;0;2251;985;870;410;1381;575
75;2020-S13;A;7;0;5;0;2;0
75;2020-S13;B;958;412;361;166;597;246
75;2020-S13;C;703;316;280;140;423;176
75;2020-S13;D;189;76;91;31;98;45
75;2020-S13;E;394;181;133;73;261;108
75;2020-S14;0;2777;889;1152;343;1625;546
75;2020-S14;A;11;3;4;0;7;3
75;2020-S14;B;1061;330;441;134;620;196
75;2020-S14;C;869;250;367;106;502;144
75;2020-S14;D;283;76;151;33;132;43
75;2020-S14;E;553;230;189;70;364;160
75;2020-S15;0;2539;762;859;222;1680;540
75;2020-S15;A;16;3;6;0;10;3
75;2020-S15;B;824;200;314;74;510;126
75;2020-S15;C;696;171;235;47;461;124
75;2020-S15;D;258;64;122;29;136;35
75;2020-S15;E;737;323;180;72;557;251
75;2020-S16;0;1983;417;744;144;1239;273
75;2020-S16;A;6;0;0;0;6;0
75;2020-S16;B;688;124;325;52;363;72
75;2020-S16;C;408;84;167;33;241;51
75;2020-S16;D;196;38;89;19;107;19
75;2020-S16;E;685;171;163;40;522;131
76;2020-S11;0;4;0;2;0;2;0
76;2020-S11;A;0;0;0;0;0;0
76;2020-S11;B;1;0;1;0;0;0
76;2020-S11;C;1;0;0;0;1;0
76;2020-S11;D;1;0;1;0;0;0
76;2020-S11;E;1;0;0;0;1;0
76;2020-S12;0;72;10;19;1;53;9
76;2020-S12;A;1;0;0;0;1;0
76;2020-S12;B;40;6;11;1;29;5
76;2020-S12;C;16;3;2;0;14;3
76;2020-S12;D;2;0;2;0;0;0
76;2020-S12;E;13;1;4;0;9;1
76;2020-S13;0;277;84;85;27;192;57
76;2020-S13;A;2;0;0;0;2;0
76;2020-S13;B;105;31;22;5;83;26
76;2020-S13;C;80;28;27;11;53;17
76;2020-S13;D;35;11;22;7;13;4
76;2020-S13;E;54;13;13;3;41;10
76;2020-S14;0;554;96;157;23;397;73
76;2020-S14;A;10;0;4;0;6;0
76;2020-S14;B;254;44;61;5;193;39
76;2020-S14;C;179;29;49;10;130;19
76;2020-S14;D;45;9;19;4;26;5
76;2020-S14;E;66;14;24;4;42;10
76;2020-S15;0;667;109;204;27;463;82
76;2020-S15;A;3;0;2;0;1;0
76;2020-S15;B;255;41;64;9;191;32
76;2020-S15;C;186;33;62;8;124;25
76;2020-S15;D;47;4;25;2;22;2
76;2020-S15;E;176;31;51;8;125;23
76;2020-S16;0;483;42;133;12;350;30
76;2020-S16;A;9;0;6;0;3;0
76;2020-S16;B;196;4;50;1;146;3
76;2020-S16;C;143;12;36;7;107;5
76;2020-S16;D;30;4;13;2;17;2
76;2020-S16;E;102;22;28;2;74;20
77;2020-S11;0;6;2;4;2;2;0
77;2020-S11;A;0;0;0;0;0;0
77;2020-S11;B;4;0;2;0;2;0
77;2020-S11;C;1;1;1;1;0;0
77;2020-S11;D;1;1;1;1;0;0
77;2020-S11;E;0;0;0;0;0;0
77;2020-S12;0;159;51;59;19;100;32
77;2020-S12;A;6;0;4;0;2;0
77;2020-S12;B;65;21;17;8;48;13
77;2020-S12;C;47;18;15;4;32;14
77;2020-S12;D;14;3;5;0;9;3
77;2020-S12;E;27;9;18;7;9;2
77;2020-S13;0;516;204;185;83;331;121
77;2020-S13;A;10;0;8;0;2;0
77;2020-S13;B;204;63;57;14;147;49
77;2020-S13;C;173;73;61;29;112;44
77;2020-S13;D;49;27;31;18;18;9
77;2020-S13;E;79;41;28;22;51;19
77;2020-S14;0;966;360;281;105;685;255
77;2020-S14;A;14;2;4;1;10;1
77;2020-S14;B;414;126;96;24;318;102
77;2020-S14;C;372;141;102;38;270;103
77;2020-S14;D;50;22;30;13;20;9
77;2020-S14;E;116;69;49;29;67;40
77;2020-S15;0;1349;430;378;113;971;317
77;2020-S15;A;5;0;1;0;4;0
77;2020-S15;B;397;108;116;25;281;83
77;2020-S15;C;385;111;109;30;276;81
77;2020-S15;D;91;28;42;12;49;16
77;2020-S15;E;470;183;110;46;360;137
77;2020-S16;0;1601;330;456;100;1145;230
77;2020-S16;A;10;0;4;0;6;0
77;2020-S16;B;400;75;108;26;292;49
77;2020-S16;C;360;71;115;20;245;51
77;2020-S16;D;123;34;56;16;67;18
77;2020-S16;E;707;150;173;38;534;112
78;2020-S11;0;75;16;26;10;49;6
78;2020-S11;A;1;0;1;0;0;0
78;2020-S11;B;40;11;15;7;25;4
78;2020-S11;C;25;4;7;3;18;1
78;2020-S11;D;4;0;1;0;3;0
78;2020-S11;E;5;1;2;0;3;1
78;2020-S12;0;212;68;75;32;137;36
78;2020-S12;A;4;1;2;1;2;0
78;2020-S12;B;58;13;14;5;44;8
78;2020-S12;C;52;14;21;9;31;5
78;2020-S12;D;14;6;4;3;10;3
78;2020-S12;E;46;21;18;9;28;12
78;2020-S13;0;590;237;178;74;412;163
78;2020-S13;A;4;2;3;2;1;0
78;2020-S13;B;205;73;42;11;163;62
78;2020-S13;C;176;68;55;26;121;42
78;2020-S13;D;43;22;26;13;17;9
78;2020-S13;E;126;63;47;21;79;42
78;2020-S14;0;680;238;225;85;455;153
78;2020-S14;A;2;0;0;0;2;0
78;2020-S14;B;236;69;58;15;178;54
78;2020-S14;C;206;70;85;34;121;36
78;2020-S14;D;40;14;19;6;21;8
78;2020-S14;E;190;81;62;30;128;51
78;2020-S15;0;682;221;224;69;458;152
78;2020-S15;A;3;0;3;0;0;0
78;2020-S15;B;264;67;76;15;188;52
78;2020-S15;C;218;63;78;22;140;41
78;2020-S15;D;35;10;20;8;15;2
78;2020-S15;E;162;81;47;24;115;57
78;2020-S16;0;511;137;181;51;330;86
78;2020-S16;A;5;0;3;0;2;0
78;2020-S16;B;173;36;54;13;119;23
78;2020-S16;C;159;44;68;20;91;24
78;2020-S16;D;35;13;15;4;20;9
78;2020-S16;E;137;44;40;14;97;30
79;2020-S11;0;0;0;0;0;0;0
79;2020-S11;A;0;0;0;0;0;0
79;2020-S11;B;0;0;0;0;0;0
79;2020-S11;C;0;0;0;0;0;0
79;2020-S11;D;0;0;0;0;0;0
79;2020-S11;E;0;0;0;0;0;0
79;2020-S12;0;5;0;2;0;3;0
79;2020-S12;A;0;0;0;0;0;0
79;2020-S12;B;0;0;0;0;0;0
79;2020-S12;C;3;0;1;0;2;0
79;2020-S12;D;0;0;0;0;0;0
79;2020-S12;E;2;0;1;0;1;0
79;2020-S13;0;5;0;1;0;4;0
79;2020-S13;A;0;0;0;0;0;0
79;2020-S13;B;0;0;0;0;0;0
79;2020-S13;C;2;0;0;0;2;0
79;2020-S13;D;1;0;1;0;0;0
79;2020-S13;E;2;0;0;0;2;0
79;2020-S14;0;5;1;3;0;2;1
79;2020-S14;A;0;0;0;0;0;0
79;2020-S14;B;2;1;1;0;1;1
79;2020-S14;C;0;0;0;0;0;0
79;2020-S14;D;1;0;1;0;0;0
79;2020-S14;E;2;0;1;0;1;0
79;2020-S15;0;4;2;0;0;4;2
79;2020-S15;A;0;0;0;0;0;0
79;2020-S15;B;4;2;0;0;4;2
79;2020-S15;C;0;0;0;0;0;0
79;2020-S15;D;0;0;0;0;0;0
79;2020-S15;E;0;0;0;0;0;0
79;2020-S16;0;2;0;0;0;2;0
79;2020-S16;A;0;0;0;0;0;0
79;2020-S16;B;0;0;0;0;0;0
79;2020-S16;C;2;0;0;0;2;0
79;2020-S16;D;0;0;0;0;0;0
79;2020-S16;E;0;0;0;0;0;0
80;2020-S11;0;3;1;1;1;2;0
80;2020-S11;A;1;1;1;1;0;0
80;2020-S11;B;1;0;0;0;1;0
80;2020-S11;C;1;0;0;0;1;0
80;2020-S11;D;0;0;0;0;0;0
80;2020-S11;E;0;0;0;0;0;0
80;2020-S12;0;45;21;19;8;26;13
80;2020-S12;A;0;0;0;0;0;0
80;2020-S12;B;8;2;2;0;6;2
80;2020-S12;C;6;2;2;0;4;2
80;2020-S12;D;4;1;2;1;2;0
80;2020-S12;E;26;16;12;7;14;9
80;2020-S13;0;185;67;67;29;118;38
80;2020-S13;A;6;1;5;1;1;0
80;2020-S13;B;56;13;12;4;44;9
80;2020-S13;C;39;16;13;5;26;11
80;2020-S13;D;28;12;16;7;12;5
80;2020-S13;E;56;25;21;12;35;13
80;2020-S14;0;309;102;97;40;212;62
80;2020-S14;A;1;0;0;0;1;0
80;2020-S14;B;114;24;17;4;97;20
80;2020-S14;C;102;31;34;10;68;21
80;2020-S14;D;27;15;15;8;12;7
80;2020-S14;E;65;32;31;18;34;14
80;2020-S15;0;461;105;160;41;301;64
80;2020-S15;A;4;0;0;0;4;0
80;2020-S15;B;185;36;60;14;125;22
80;2020-S15;C;133;32;50;13;83;19
80;2020-S15;D;47;10;18;4;29;6
80;2020-S15;E;92;27;32;10;60;17
80;2020-S16;0;354;60;129;20;225;40
80;2020-S16;A;3;0;0;0;3;0
80;2020-S16;B;145;23;40;5;105;18
80;2020-S16;C;108;16;45;7;63;9
80;2020-S16;D;23;1;13;1;10;0
80;2020-S16;E;75;20;31;7;44;13
81;2020-S11;0;0;0;0;0;0;0
81;2020-S11;A;0;0;0;0;0;0
81;2020-S11;B;0;0;0;0;0;0
81;2020-S11;C;0;0;0;0;0;0
81;2020-S11;D;0;0;0;0;0;0
81;2020-S11;E;0;0;0;0;0;0
81;2020-S12;0;16;1;7;0;9;1
81;2020-S12;A;0;0;0;0;0;0
81;2020-S12;B;9;1;4;0;5;1
81;2020-S12;C;2;0;0;0;2;0
81;2020-S12;D;0;0;0;0;0;0
81;2020-S12;E;5;0;3;0;2;0
81;2020-S13;0;58;6;14;2;44;4
81;2020-S13;A;1;0;0;0;1;0
81;2020-S13;B;27;3;6;0;21;3
81;2020-S13;C;17;1;3;0;14;1
81;2020-S13;D;1;1;1;1;0;0
81;2020-S13;E;12;1;4;1;8;0
81;2020-S14;0;78;2;19;0;59;2
81;2020-S14;A;0;0;0;0;0;0
81;2020-S14;B;28;1;4;0;24;1
81;2020-S14;C;20;1;6;0;14;1
81;2020-S14;D;8;0;6;0;2;0
81;2020-S14;E;22;0;3;0;19;0
81;2020-S15;0;115;9;34;1;81;8
81;2020-S15;A;0;0;0;0;0;0
81;2020-S15;B;49;8;10;1;39;7
81;2020-S15;C;40;1;14;0;26;1
81;2020-S15;D;14;0;6;0;8;0
81;2020-S15;E;12;0;4;0;8;0
81;2020-S16;0;151;6;42;3;109;3
81;2020-S16;A;1;0;1;0;0;0
81;2020-S16;B;50;1;11;1;39;0
81;2020-S16;C;47;4;13;1;34;3
81;2020-S16;D;12;0;3;0;9;0
81;2020-S16;E;41;1;14;1;27;0
82;2020-S11;0;0;0;0;0;0;0
82;2020-S11;A;0;0;0;0;0;0
82;2020-S11;B;0;0;0;0;0;0
82;2020-S11;C;0;0;0;0;0;0
82;2020-S11;D;0;0;0;0;0;0
82;2020-S11;E;0;0;0;0;0;0
82;2020-S12;0;2;0;1;0;1;0
82;2020-S12;A;0;0;0;0;0;0
82;2020-S12;B;0;0;0;0;0;0
82;2020-S12;C;1;0;0;0;1;0
82;2020-S12;D;1;0;1;0;0;0
82;2020-S12;E;0;0;0;0;0;0
82;2020-S13;0;34;5;10;3;24;2
82;2020-S13;A;2;0;1;0;1;0
82;2020-S13;B;12;2;2;2;10;0
82;2020-S13;C;13;3;4;1;9;2
82;2020-S13;D;2;0;2;0;0;0
82;2020-S13;E;5;0;1;0;4;0
82;2020-S14;0;32;1;11;1;21;0
82;2020-S14;A;1;0;1;0;0;0
82;2020-S14;B;14;0;5;0;9;0
82;2020-S14;C;10;0;2;0;8;0
82;2020-S14;D;2;0;1;0;1;0
82;2020-S14;E;5;1;2;1;3;0
82;2020-S15;0;76;0;15;0;61;0
82;2020-S15;A;0;0;0;0;0;0
82;2020-S15;B;17;0;1;0;16;0
82;2020-S15;C;24;0;6;0;18;0
82;2020-S15;D;5;0;3;0;2;0
82;2020-S15;E;29;0;5;0;24;0
82;2020-S16;0;5;0;1;0;4;0
82;2020-S16;A;0;0;0;0;0;0
82;2020-S16;B;2;0;0;0;2;0
82;2020-S16;C;1;0;0;0;1;0
82;2020-S16;D;1;0;1;0;0;0
82;2020-S16;E;1;0;0;0;1;0
83;2020-S11;0;14;1;6;1;8;0
83;2020-S11;A;0;0;0;0;0;0
83;2020-S11;B;5;0;1;0;4;0
83;2020-S11;C;5;0;2;0;3;0
83;2020-S11;D;1;0;1;0;0;0
83;2020-S11;E;3;1;2;1;1;0
83;2020-S12;0;156;21;71;11;85;10
83;2020-S12;A;3;0;1;0;2;0
83;2020-S12;B;54;5;24;2;30;3
83;2020-S12;C;42;11;20;6;22;5
83;2020-S12;D;16;1;10;1;6;0
83;2020-S12;E;39;4;15;2;24;2
83;2020-S13;0;609;104;219;54;390;50
83;2020-S13;A;7;0;3;0;4;0
83;2020-S13;B;228;28;72;13;156;15
83;2020-S13;C;202;36;77;20;125;16
83;2020-S13;D;69;20;33;11;36;9
83;2020-S13;E;77;18;26;9;51;9
83;2020-S14;0;687;100;259;36;428;64
83;2020-S14;A;5;0;4;0;1;0
83;2020-S14;B;232;17;77;5;155;12
83;2020-S14;C;247;39;99;16;148;23
83;2020-S14;D;75;12;33;6;42;6
83;2020-S14;E;128;32;46;9;82;23
83;2020-S15;0;989;83;274;22;715;61
83;2020-S15;A;9;0;6;0;3;0
83;2020-S15;B;323;20;93;8;230;12
83;2020-S15;C;297;24;90;6;207;18
83;2020-S15;D;59;5;24;2;35;3
83;2020-S15;E;297;34;59;6;238;28
83;2020-S16;0;1965;42;498;12;1467;30
83;2020-S16;A;16;0;7;0;9;0
83;2020-S16;B;468;6;105;1;363;5
83;2020-S16;C;456;12;112;4;344;8
83;2020-S16;D;103;0;48;0;55;0
83;2020-S16;E;917;24;224;7;693;17
84;2020-S11;0;7;0;4;0;3;0
84;2020-S11;A;0;0;0;0;0;0
84;2020-S11;B;2;0;1;0;1;0
84;2020-S11;C;2;0;1;0;1;0
84;2020-S11;D;0;0;0;0;0;0
84;2020-S11;E;3;0;2;0;1;0
84;2020-S12;0;41;10;10;3;31;7
84;2020-S12;A;1;0;1;0;0;0
84;2020-S12;B;15;2;3;0;12;2
84;2020-S12;C;13;3;2;0;11;3
84;2020-S12;D;6;4;3;3;3;1
84;2020-S12;E;4;0;1;0;3;0
84;2020-S13;0;330;47;121;20;209;27
84;2020-S13;A;3;0;2;0;1;0
84;2020-S13;B;124;14;43;4;81;10
84;2020-S13;C;111;22;37;8;74;14
84;2020-S13;D;27;7;16;5;11;2
84;2020-S13;E;64;4;23;3;41;1
84;2020-S14;0;426;24;129;10;297;14
84;2020-S14;A;5;0;1;0;4;0
84;2020-S14;B;183;4;51;2;132;2
84;2020-S14;C;150;14;45;6;105;8
84;2020-S14;D;31;2;14;2;17;0
84;2020-S14;E;57;4;18;0;39;4
84;2020-S15;0;636;16;171;5;465;11
84;2020-S15;A;3;0;2;0;1;0
84;2020-S15;B;171;5;42;2;129;3
84;2020-S15;C;152;6;47;2;105;4
84;2020-S15;D;40;2;12;0;28;2
84;2020-S15;E;269;3;68;1;201;2
84;2020-S16;0;1172;17;253;8;919;9
84;2020-S16;A;5;0;3;0;2;0
84;2020-S16;B;304;3;65;3;239;0
84;2020-S16;C;333;3;63;2;270;1
84;2020-S16;D;74;3;31;2;43;1
84;2020-S16;E;453;8;90;1;363;7
85;2020-S11;0;0;0;0;0;0;0
85;2020-S11;A;0;0;0;0;0;0
85;2020-S11;B;0;0;0;0;0;0
85;2020-S11;C;0;0;0;0;0;0
85;2020-S11;D;0;0;0;0;0;0
85;2020-S11;E;0;0;0;0;0;0
85;2020-S12;0;5;1;2;0;3;1
85;2020-S12;A;0;0;0;0;0;0
85;2020-S12;B;0;0;0;0;0;0
85;2020-S12;C;3;1;1;0;2;1
85;2020-S12;D;0;0;0;0;0;0
85;2020-S12;E;2;0;1;0;1;0
85;2020-S13;0;51;5;20;3;31;2
85;2020-S13;A;0;0;0;0;0;0
85;2020-S13;B;9;0;0;0;9;0
85;2020-S13;C;17;3;6;1;11;2
85;2020-S13;D;9;0;6;0;3;0
85;2020-S13;E;16;2;8;2;8;0
85;2020-S14;0;18;2;0;0;18;2
85;2020-S14;A;0;0;0;0;0;0
85;2020-S14;B;11;1;0;0;11;1
85;2020-S14;C;2;0;0;0;2;0
85;2020-S14;D;0;0;0;0;0;0
85;2020-S14;E;5;1;0;0;5;1
85;2020-S15;0;16;0;4;0;12;0
85;2020-S15;A;0;0;0;0;0;0
85;2020-S15;B;8;0;1;0;7;0
85;2020-S15;C;5;0;3;0;2;0
85;2020-S15;D;1;0;0;0;1;0
85;2020-S15;E;2;0;0;0;2;0
85;2020-S16;0;16;0;3;0;13;0
85;2020-S16;A;1;0;0;0;1;0
85;2020-S16;B;7;0;2;0;5;0
85;2020-S16;C;4;0;1;0;3;0
85;2020-S16;D;2;0;0;0;2;0
85;2020-S16;E;2;0;0;0;2;0
86;2020-S11;0;1;0;0;0;1;0
86;2020-S11;A;1;0;0;0;1;0
86;2020-S11;B;0;0;0;0;0;0
86;2020-S11;C;0;0;0;0;0;0
86;2020-S11;D;0;0;0;0;0;0
86;2020-S11;E;0;0;0;0;0;0
86;2020-S12;0;7;2;3;1;4;1
86;2020-S12;A;0;0;0;0;0;0
86;2020-S12;B;2;1;1;1;1;0
86;2020-S12;C;4;1;2;0;2;1
86;2020-S12;D;0;0;0;0;0;0
86;2020-S12;E;1;0;0;0;1;0
86;2020-S13;0;24;5;5;3;19;2
86;2020-S13;A;0;0;0;0;0;0
86;2020-S13;B;10;4;2;2;8;2
86;2020-S13;C;4;0;0;0;4;0
86;2020-S13;D;2;0;1;0;1;0
86;2020-S13;E;8;1;2;1;6;0
86;2020-S14;0;21;5;6;2;15;3
86;2020-S14;A;0;0;0;0;0;0
86;2020-S14;B;4;1;2;1;2;0
86;2020-S14;C;5;1;1;0;4;1
86;2020-S14;D;0;0;0;0;0;0
86;2020-S14;E;12;3;3;1;9;2
86;2020-S15;0;37;4;18;1;19;3
86;2020-S15;A;1;0;1;0;0;0
86;2020-S15;B;17;2;10;1;7;1
86;2020-S15;C;7;0;2;0;5;0
86;2020-S15;D;2;1;0;0;2;1
86;2020-S15;E;10;1;5;0;5;1
86;2020-S16;0;16;2;10;1;6;1
86;2020-S16;A;0;0;0;0;0;0
86;2020-S16;B;8;1;6;0;2;1
86;2020-S16;C;3;1;3;1;0;0
86;2020-S16;D;1;0;1;0;0;0
86;2020-S16;E;4;0;0;0;4;0
87;2020-S11;0;1;0;1;0;0;0
87;2020-S11;A;0;0;0;0;0;0
87;2020-S11;B;0;0;0;0;0;0
87;2020-S11;C;1;0;1;0;0;0
87;2020-S11;D;0;0;0;0;0;0
87;2020-S11;E;0;0;0;0;0;0
87;2020-S12;0;1;1;0;0;1;1
87;2020-S12;A;0;0;0;0;0;0
87;2020-S12;B;0;0;0;0;0;0
87;2020-S12;C;0;0;0;0;0;0
87;2020-S12;D;1;1;0;0;1;1
87;2020-S12;E;0;0;0;0;0;0
87;2020-S13;0;4;0;0;0;4;0
87;2020-S13;A;0;0;0;0;0;0
87;2020-S13;B;1;0;0;0;1;0
87;2020-S13;C;1;0;0;0;1;0
87;2020-S13;D;1;0;0;0;1;0
87;2020-S13;E;1;0;0;0;1;0
87;2020-S14;0;2;1;0;0;2;1
87;2020-S14;A;0;0;0;0;0;0
87;2020-S14;B;0;0;0;0;0;0
87;2020-S14;C;0;0;0;0;0;0
87;2020-S14;D;0;0;0;0;0;0
87;2020-S14;E;2;1;0;0;2;1
87;2020-S15;0;2;0;1;0;1;0
87;2020-S15;A;0;0;0;0;0;0
87;2020-S15;B;0;0;0;0;0;0
87;2020-S15;C;2;0;1;0;1;0
87;2020-S15;D;0;0;0;0;0;0
87;2020-S15;E;0;0;0;0;0;0
87;2020-S16;0;3;0;1;0;2;0
87;2020-S16;A;0;0;0;0;0;0
87;2020-S16;B;1;0;0;0;1;0
87;2020-S16;C;2;0;1;0;1;0
87;2020-S16;D;0;0;0;0;0;0
87;2020-S16;E;0;0;0;0;0;0
88;2020-S11;0;0;0;0;0;0;0
88;2020-S11;A;0;0;0;0;0;0
88;2020-S11;B;0;0;0;0;0;0
88;2020-S11;C;0;0;0;0;0;0
88;2020-S11;D;0;0;0;0;0;0
88;2020-S11;E;0;0;0;0;0;0
88;2020-S12;0;22;9;5;3;17;6
88;2020-S12;A;0;0;0;0;0;0
88;2020-S12;B;13;3;2;1;11;2
88;2020-S12;C;5;4;1;1;4;3
88;2020-S12;D;1;0;1;0;0;0
88;2020-S12;E;3;2;1;1;2;1
88;2020-S13;0;250;97;64;26;186;71
88;2020-S13;A;2;0;1;0;1;0
88;2020-S13;B;114;39;22;6;92;33
88;2020-S13;C;87;39;22;10;65;29
88;2020-S13;D;16;6;9;5;7;1
88;2020-S13;E;30;13;9;5;21;8
88;2020-S14;0;359;134;79;30;280;104
88;2020-S14;A;2;0;1;0;1;0
88;2020-S14;B;138;45;23;5;115;40
88;2020-S14;C;139;58;27;12;112;46
88;2020-S14;D;26;5;11;2;15;3
88;2020-S14;E;53;26;17;11;36;15
88;2020-S15;0;331;95;84;20;247;75
88;2020-S15;A;2;0;1;0;1;0
88;2020-S15;B;142;37;24;3;118;34
88;2020-S15;C;114;39;22;7;92;32
88;2020-S15;D;23;4;12;2;11;2
88;2020-S15;E;50;15;25;8;25;7
88;2020-S16;0;145;30;45;7;100;23
88;2020-S16;A;0;0;0;0;0;0
88;2020-S16;B;51;13;13;3;38;10
88;2020-S16;C;52;13;19;3;33;10
88;2020-S16;D;23;0;8;0;15;0
88;2020-S16;E;18;4;5;1;13;3
89;2020-S11;0;0;0;0;0;0;0
89;2020-S11;A;0;0;0;0;0;0
89;2020-S11;B;0;0;0;0;0;0
89;2020-S11;C;0;0;0;0;0;0
89;2020-S11;D;0;0;0;0;0;0
89;2020-S11;E;0;0;0;0;0;0
89;2020-S12;0;53;8;16;3;37;5
89;2020-S12;A;4;0;2;0;2;0
89;2020-S12;B;22;3;5;1;17;2
89;2020-S12;C;13;3;3;2;10;1
89;2020-S12;D;5;1;3;0;2;1
89;2020-S12;E;9;1;3;0;6;1
89;2020-S13;0;58;10;15;1;43;9
89;2020-S13;A;1;0;0;0;1;0
89;2020-S13;B;29;7;3;0;26;7
89;2020-S13;C;14;1;5;0;9;1
89;2020-S13;D;3;0;1;0;2;0
89;2020-S13;E;11;2;6;1;5;1
89;2020-S14;0;42;7;11;3;31;4
89;2020-S14;A;1;0;0;0;1;0
89;2020-S14;B;24;1;5;0;19;1
89;2020-S14;C;11;4;3;2;8;2
89;2020-S14;D;2;0;2;0;0;0
89;2020-S14;E;4;2;1;1;3;1
89;2020-S15;0;41;10;14;3;27;7
89;2020-S15;A;0;0;0;0;0;0
89;2020-S15;B;11;2;3;0;8;2
89;2020-S15;C;14;4;6;2;8;2
89;2020-S15;D;3;0;0;0;3;0
89;2020-S15;E;13;4;5;1;8;3
89;2020-S16;0;99;13;13;3;86;10
89;2020-S16;A;0;0;0;0;0;0
89;2020-S16;B;42;5;5;1;37;4
89;2020-S16;C;38;6;3;0;35;6
89;2020-S16;D;4;1;2;1;2;0
89;2020-S16;E;14;1;3;1;11;0
90;2020-S11;0;0;0;0;0;0;0
90;2020-S11;A;0;0;0;0;0;0
90;2020-S11;B;0;0;0;0;0;0
90;2020-S11;C;0;0;0;0;0;0
90;2020-S11;D;0;0;0;0;0;0
90;2020-S11;E;0;0;0;0;0;0
90;2020-S12;0;12;3;2;0;10;3
90;2020-S12;A;0;0;0;0;0;0
90;2020-S12;B;8;1;1;0;7;1
90;2020-S12;C;3;2;0;0;3;2
90;2020-S12;D;1;0;1;0;0;0
90;2020-S12;E;0;0;0;0;0;0
90;2020-S13;0;85;24;25;4;60;20
90;2020-S13;A;0;0;0;0;0;0
90;2020-S13;B;36;7;7;1;29;6
90;2020-S13;C;39;13;13;2;26;11
90;2020-S13;D;7;3;4;1;3;2
90;2020-S13;E;3;1;1;0;2;1
90;2020-S14;0;167;31;45;4;122;27
90;2020-S14;A;1;0;1;0;0;0
90;2020-S14;B;80;14;12;0;68;14
90;2020-S14;C;63;10;20;0;43;10
90;2020-S14;D;13;4;8;3;5;1
90;2020-S14;E;10;3;4;1;6;2
90;2020-S15;0;120;30;36;10;84;20
90;2020-S15;A;1;0;0;0;1;0
90;2020-S15;B;52;13;10;1;42;12
90;2020-S15;C;41;15;15;8;26;7
90;2020-S15;D;21;2;7;1;14;1
90;2020-S15;E;5;0;4;0;1;0
90;2020-S16;0;68;6;21;4;47;2
90;2020-S16;A;1;0;0;0;1;0
90;2020-S16;B;29;2;7;1;22;1
90;2020-S16;C;24;2;7;1;17;1
90;2020-S16;D;11;1;5;1;6;0
90;2020-S16;E;3;1;2;1;1;0
91;2020-S11;0;69;21;27;9;42;12
91;2020-S11;A;3;1;3;1;0;0
91;2020-S11;B;31;9;12;5;19;4
91;2020-S11;C;19;8;6;2;13;6
91;2020-S11;D;5;0;2;0;3;0
91;2020-S11;E;11;3;4;1;7;2
91;2020-S12;0;359;177;153;90;206;87
91;2020-S12;A;22;1;12;1;10;0
91;2020-S12;B;127;50;33;18;94;32
91;2020-S12;C;102;66;49;38;53;28
91;2020-S12;D;39;26;25;16;14;10
91;2020-S12;E;69;34;34;17;35;17
91;2020-S13;0;853;411;365;198;488;213
91;2020-S13;A;14;4;9;3;5;1
91;2020-S13;B;287;108;96;43;191;65
91;2020-S13;C;303;159;140;83;163;76
91;2020-S13;D;82;49;47;30;35;19
91;2020-S13;E;165;91;72;39;93;52
91;2020-S14;0;845;371;246;130;599;241
91;2020-S14;A;9;1;2;1;7;0
91;2020-S14;B;317;97;69;22;248;75
91;2020-S14;C;239;119;87;49;152;70
91;2020-S14;D;62;32;28;15;34;17
91;2020-S14;E;218;122;60;43;158;79
91;2020-S15;0;1389;538;386;154;1003;384
91;2020-S15;A;9;0;5;0;4;0
91;2020-S15;B;276;95;73;27;203;68
91;2020-S15;C;276;103;78;32;198;71
91;2020-S15;D;96;39;42;12;54;27
91;2020-S15;E;730;300;187;82;543;218
91;2020-S16;0;1559;270;345;57;1214;213
91;2020-S16;A;9;0;4;0;5;0
91;2020-S16;B;294;50;63;13;231;37
91;2020-S16;C;237;37;59;10;178;27
91;2020-S16;D;79;15;27;5;52;10
91;2020-S16;E;938;167;192;29;746;138
92;2020-S11;0;75;23;29;9;46;14
92;2020-S11;A;0;0;0;0;0;0
92;2020-S11;B;25;10;7;4;18;6
92;2020-S11;C;29;7;11;3;18;4
92;2020-S11;D;9;2;6;1;3;1
92;2020-S11;E;12;4;5;1;7;3
92;2020-S12;0;429;184;162;85;267;99
92;2020-S12;A;3;0;0;0;3;0
92;2020-S12;B;155;55;40;18;115;37
92;2020-S12;C;161;68;64;33;97;35
92;2020-S12;D;39;21;24;14;15;7
92;2020-S12;E;71;40;34;20;37;20
92;2020-S13;0;1604;690;567;294;1037;396
92;2020-S13;A;13;0;6;0;7;0
92;2020-S13;B;588;191;161;61;427;130
92;2020-S13;C;549;239;206;105;343;134
92;2020-S13;D;140;73;82;50;58;23
92;2020-S13;E;312;185;110;76;202;109
92;2020-S14;0;1991;721;665;269;1326;452
92;2020-S14;A;7;2;4;1;3;1
92;2020-S14;B;612;167;187;53;425;114
92;2020-S14;C;572;185;188;65;384;120
92;2020-S14;D;173;84;101;55;72;29
92;2020-S14;E;622;280;185;95;437;185
92;2020-S15;0;1801;514;547;142;1254;372
92;2020-S15;A;9;1;4;0;5;1
92;2020-S15;B;438;105;142;27;296;78
92;2020-S15;C;457;125;166;46;291;79
92;2020-S15;D;132;39;63;15;69;24
92;2020-S15;E;765;244;172;54;593;190
92;2020-S16;0;1364;294;423;75;941;219
92;2020-S16;A;6;0;3;0;3;0
92;2020-S16;B;306;44;98;12;208;32
92;2020-S16;C;308;51;88;18;220;33
92;2020-S16;D;157;28;87;11;70;17
92;2020-S16;E;584;169;147;34;437;135
93;2020-S11;0;25;7;9;3;16;4
93;2020-S11;A;0;0;0;0;0;0
93;2020-S11;B;15;2;6;1;9;1
93;2020-S11;C;6;3;1;1;5;2
93;2020-S11;D;1;0;0;0;1;0
93;2020-S11;E;3;2;2;1;1;1
93;2020-S12;0;370;193;147;83;223;110
93;2020-S12;A;2;0;1;0;1;0
93;2020-S12;B;148;58;42;16;106;42
93;2020-S12;C;132;76;56;33;76;43
93;2020-S12;D;43;30;26;20;17;10
93;2020-S12;E;45;29;22;14;23;15
93;2020-S13;0;994;522;399;230;595;292
93;2020-S13;A;10;2;5;0;5;2
93;2020-S13;B;399;162;110;39;289;123
93;2020-S13;C;360;203;153;91;207;112
93;2020-S13;D;89;64;60;44;29;20
93;2020-S13;E;136;91;71;56;65;35
93;2020-S14;0;1351;613;484;225;867;388
93;2020-S14;A;4;0;3;0;1;0
93;2020-S14;B;540;196;148;48;392;148
93;2020-S14;C;453;200;165;73;288;127
93;2020-S14;D;137;78;82;46;55;32
93;2020-S14;E;213;138;85;58;128;80
93;2020-S15;0;1357;499;441;175;916;324
93;2020-S15;A;10;2;7;1;3;1
93;2020-S15;B;477;130;140;39;337;91
93;2020-S15;C;458;145;149;52;309;93
93;2020-S15;D;116;58;58;32;58;26
93;2020-S15;E;294;163;87;51;207;112
93;2020-S16;0;1141;321;365;107;776;214
93;2020-S16;A;7;0;3;0;4;0
93;2020-S16;B;311;57;96;20;215;37
93;2020-S16;C;264;67;93;32;171;35
93;2020-S16;D;119;43;69;24;50;19
93;2020-S16;E;437;152;103;31;334;121
94;2020-S11;0;12;2;4;1;8;1
94;2020-S11;A;0;0;0;0;0;0
94;2020-S11;B;3;0;2;0;1;0
94;2020-S11;C;3;1;0;0;3;1
94;2020-S11;D;2;1;2;1;0;0
94;2020-S11;E;4;0;0;0;4;0
94;2020-S12;0;120;55;42;20;78;35
94;2020-S12;A;0;0;0;0;0;0
94;2020-S12;B;52;20;18;8;34;12
94;2020-S12;C;45;21;18;8;27;13
94;2020-S12;D;8;5;1;1;7;4
94;2020-S12;E;15;9;5;3;10;6
94;2020-S13;0;752;315;286;118;466;197
94;2020-S13;A;9;0;3;0;6;0
94;2020-S13;B;291;116;86;29;205;87
94;2020-S13;C;251;100;92;33;159;67
94;2020-S13;D;76;25;52;17;24;8
94;2020-S13;E;125;74;53;39;72;35
94;2020-S14;0;1231;461;454;182;777;279
94;2020-S14;A;15;2;10;2;5;0
94;2020-S14;B;461;131;146;49;315;82
94;2020-S14;C;446;162;165;68;281;94
94;2020-S14;D;105;44;57;25;48;19
94;2020-S14;E;203;122;75;38;128;84
94;2020-S15;0;1285;448;413;157;872;291
94;2020-S15;A;19;1;9;1;10;0
94;2020-S15;B;391;88;131;31;260;57
94;2020-S15;C;378;136;121;49;257;87
94;2020-S15;D;114;42;52;20;62;22
94;2020-S15;E;382;181;100;56;282;125
94;2020-S16;0;983;216;323;63;660;153
94;2020-S16;A;3;0;2;0;1;0
94;2020-S16;B;288;50;108;20;180;30
94;2020-S16;C;213;43;76;14;137;29
94;2020-S16;D;79;14;38;5;41;9
94;2020-S16;E;399;109;98;24;301;85
95;2020-S11;0;277;71;102;35;175;36
95;2020-S11;A;22;1;11;1;11;0
95;2020-S11;B;109;22;30;10;79;12
95;2020-S11;C;88;31;27;13;61;18
95;2020-S11;D;28;11;20;8;8;3
95;2020-S11;E;30;6;14;3;16;3
95;2020-S12;0;838;369;340;168;498;201
95;2020-S12;A;24;2;17;2;7;0
95;2020-S12;B;315;106;81;29;234;77
95;2020-S12;C;294;150;117;67;177;83
95;2020-S12;D;97;62;68;42;29;20
95;2020-S12;E;108;49;57;28;51;21
95;2020-S13;0;943;480;364;214;579;266
95;2020-S13;A;27;8;19;6;8;2
95;2020-S13;B;384;163;98;52;286;111
95;2020-S13;C;320;185;131;84;189;101
95;2020-S13;D;91;59;61;41;30;18
95;2020-S13;E;121;65;55;31;66;34
95;2020-S14;0;838;340;335;144;503;196
95;2020-S14;A;17;2;10;1;7;1
95;2020-S14;B;325;112;100;30;225;82
95;2020-S14;C;276;111;113;56;163;55
95;2020-S14;D;80;41;50;27;30;14
95;2020-S14;E;140;74;62;30;78;44
95;2020-S15;0;666;241;222;82;444;159
95;2020-S15;A;3;0;0;0;3;0
95;2020-S15;B;214;64;57;15;157;49
95;2020-S15;C;212;66;79;25;133;41
95;2020-S15;D;53;22;30;12;23;10
95;2020-S15;E;184;89;56;30;128;59
95;2020-S16;0;755;164;254;50;501;114
95;2020-S16;A;2;0;1;0;1;0
95;2020-S16;B;207;24;67;4;140;20
95;2020-S16;C;258;71;89;28;169;43
95;2020-S16;D;53;12;24;5;29;7
95;2020-S16;E;232;57;71;13;161;44
971;2020-S11;0;0;0;0;0;0;0
971;2020-S11;A;0;0;0;0;0;0
971;2020-S11;B;0;0;0;0;0;0
971;2020-S11;C;0;0;0;0;0;0
971;2020-S11;D;0;0;0;0;0;0
971;2020-S11;E;0;0;0;0;0;0
971;2020-S12;0;1;1;1;1;0;0
971;2020-S12;A;0;0;0;0;0;0
971;2020-S12;B;0;0;0;0;0;0
971;2020-S12;C;0;0;0;0;0;0
971;2020-S12;D;0;0;0;0;0;0
971;2020-S12;E;1;1;1;1;0;0
971;2020-S13;0;8;3;1;0;7;3
971;2020-S13;A;0;0;0;0;0;0
971;2020-S13;B;4;1;0;0;4;1
971;2020-S13;C;2;1;1;0;1;1
971;2020-S13;D;2;1;0;0;2;1
971;2020-S13;E;0;0;0;0;0;0
971;2020-S14;0;13;8;2;2;11;6
971;2020-S14;A;0;0;0;0;0;0
971;2020-S14;B;4;4;1;1;3;3
971;2020-S14;C;4;1;1;1;3;0
971;2020-S14;D;4;2;0;0;4;2
971;2020-S14;E;1;1;0;0;1;1
971;2020-S15;0;4;0;0;0;4;0
971;2020-S15;A;0;0;0;0;0;0
971;2020-S15;B;3;0;0;0;3;0
971;2020-S15;C;0;0;0;0;0;0
971;2020-S15;D;1;0;0;0;1;0
971;2020-S15;E;0;0;0;0;0;0
971;2020-S16;0;3;1;0;0;3;1
971;2020-S16;A;0;0;0;0;0;0
971;2020-S16;B;3;1;0;0;3;1
971;2020-S16;C;0;0;0;0;0;0
971;2020-S16;D;0;0;0;0;0;0
971;2020-S16;E;0;0;0;0;0;0
972;2020-S11;0;0;0;0;0;0;0
972;2020-S11;A;0;0;0;0;0;0
972;2020-S11;B;0;0;0;0;0;0
972;2020-S11;C;0;0;0;0;0;0
972;2020-S11;D;0;0;0;0;0;0
972;2020-S11;E;0;0;0;0;0;0
972;2020-S12;0;0;0;0;0;0;0
972;2020-S12;A;0;0;0;0;0;0
972;2020-S12;B;0;0;0;0;0;0
972;2020-S12;C;0;0;0;0;0;0
972;2020-S12;D;0;0;0;0;0;0
972;2020-S12;E;0;0;0;0;0;0
972;2020-S13;0;3;1;2;1;1;0
972;2020-S13;A;0;0;0;0;0;0
972;2020-S13;B;1;0;0;0;1;0
972;2020-S13;C;2;1;2;1;0;0
972;2020-S13;D;0;0;0;0;0;0
972;2020-S13;E;0;0;0;0;0;0
972;2020-S14;0;7;3;3;1;4;2
972;2020-S14;A;0;0;0;0;0;0
972;2020-S14;B;3;1;1;0;2;1
972;2020-S14;C;2;1;0;0;2;1
972;2020-S14;D;1;1;1;1;0;0
972;2020-S14;E;1;0;1;0;0;0
972;2020-S15;0;5;0;4;0;1;0
972;2020-S15;A;0;0;0;0;0;0
972;2020-S15;B;3;0;2;0;1;0
972;2020-S15;C;1;0;1;0;0;0
972;2020-S15;D;0;0;0;0;0;0
972;2020-S15;E;1;0;1;0;0;0
972;2020-S16;0;3;1;0;0;3;1
972;2020-S16;A;0;0;0;0;0;0
972;2020-S16;B;1;0;0;0;1;0
972;2020-S16;C;1;0;0;0;1;0
972;2020-S16;D;1;1;0;0;1;1
972;2020-S16;E;0;0;0;0;0;0
973;2020-S11;0;0;0;0;0;0;0
973;2020-S11;A;0;0;0;0;0;0
973;2020-S11;B;0;0;0;0;0;0
973;2020-S11;C;0;0;0;0;0;0
973;2020-S11;D;0;0;0;0;0;0
973;2020-S11;E;0;0;0;0;0;0
973;2020-S12;0;8;0;5;0;3;0
973;2020-S12;A;2;0;2;0;0;0
973;2020-S12;B;4;0;1;0;3;0
973;2020-S12;C;0;0;0;0;0;0
973;2020-S12;D;1;0;1;0;0;0
973;2020-S12;E;1;0;1;0;0;0
973;2020-S13;0;4;2;0;0;4;2
973;2020-S13;A;0;0;0;0;0;0
973;2020-S13;B;2;1;0;0;2;1
973;2020-S13;C;1;0;0;0;1;0
973;2020-S13;D;1;1;0;0;1;1
973;2020-S13;E;0;0;0;0;0;0
973;2020-S14;0;3;0;1;0;2;0
973;2020-S14;A;0;0;0;0;0;0
973;2020-S14;B;2;0;0;0;2;0
973;2020-S14;C;0;0;0;0;0;0
973;2020-S14;D;1;0;1;0;0;0
973;2020-S14;E;0;0;0;0;0;0
973;2020-S15;0;10;1;5;1;5;0
973;2020-S15;A;0;0;0;0;0;0
973;2020-S15;B;3;0;0;0;3;0
973;2020-S15;C;6;1;4;1;2;0
973;2020-S15;D;1;0;1;0;0;0
973;2020-S15;E;0;0;0;0;0;0
973;2020-S16;0;0;0;0;0;0;0
973;2020-S16;A;0;0;0;0;0;0
973;2020-S16;B;0;0;0;0;0;0
973;2020-S16;C;0;0;0;0;0;0
973;2020-S16;D;0;0;0;0;0;0
973;2020-S16;E;0;0;0;0;0;0
974;2020-S11;0;0;0;0;0;0;0
974;2020-S11;A;0;0;0;0;0;0
974;2020-S11;B;0;0;0;0;0;0
974;2020-S11;C;0;0;0;0;0;0
974;2020-S11;D;0;0;0;0;0;0
974;2020-S11;E;0;0;0;0;0;0
974;2020-S12;0;0;0;0;0;0;0
974;2020-S12;A;0;0;0;0;0;0
974;2020-S12;B;0;0;0;0;0;0
974;2020-S12;C;0;0;0;0;0;0
974;2020-S12;D;0;0;0;0;0;0
974;2020-S12;E;0;0;0;0;0;0
974;2020-S13;0;1;0;1;0;0;0
974;2020-S13;A;0;0;0;0;0;0
974;2020-S13;B;0;0;0;0;0;0
974;2020-S13;C;0;0;0;0;0;0
974;2020-S13;D;0;0;0;0;0;0
974;2020-S13;E;1;0;1;0;0;0
974;2020-S14;0;2;0;1;0;1;0
974;2020-S14;A;0;0;0;0;0;0
974;2020-S14;B;1;0;0;0;1;0
974;2020-S14;C;1;0;1;0;0;0
974;2020-S14;D;0;0;0;0;0;0
974;2020-S14;E;0;0;0;0;0;0
974;2020-S15;0;1;0;1;0;0;0
974;2020-S15;A;0;0;0;0;0;0
974;2020-S15;B;1;0;1;0;0;0
974;2020-S15;C;0;0;0;0;0;0
974;2020-S15;D;0;0;0;0;0;0
974;2020-S15;E;0;0;0;0;0;0
974;2020-S16;0;2;0;1;0;1;0
974;2020-S16;A;0;0;0;0;0;0
974;2020-S16;B;2;0;1;0;1;0
974;2020-S16;C;0;0;0;0;0;0
974;2020-S16;D;0;0;0;0;0;0
974;2020-S16;E;0;0;0;0;0;0
976;2020-S11;0;0;0;0;0;0;0
976;2020-S11;A;0;0;0;0;0;0
976;2020-S11;B;0;0;0;0;0;0
976;2020-S11;C;0;0;0;0;0;0
976;2020-S11;D;0;0;0;0;0;0
976;2020-S11;E;0;0;0;0;0;0
976;2020-S12;0;0;0;0;0;0;0
976;2020-S12;A;0;0;0;0;0;0
976;2020-S12;B;0;0;0;0;0;0
976;2020-S12;C;0;0;0;0;0;0
976;2020-S12;D;0;0;0;0;0;0
976;2020-S12;E;0;0;0;0;0;0
976;2020-S13;0;2;1;1;0;1;1
976;2020-S13;A;0;0;0;0;0;0
976;2020-S13;B;1;1;0;0;1;1
976;2020-S13;C;1;0;1;0;0;0
976;2020-S13;D;0;0;0;0;0;0
976;2020-S13;E;0;0;0;0;0;0
976;2020-S14;0;0;0;0;0;0;0
976;2020-S14;A;0;0;0;0;0;0
976;2020-S14;B;0;0;0;0;0;0
976;2020-S14;C;0;0;0;0;0;0
976;2020-S14;D;0;0;0;0;0;0
976;2020-S14;E;0;0;0;0;0;0
976;2020-S15;0;0;0;0;0;0;0
976;2020-S15;A;0;0;0;0;0;0
976;2020-S15;B;0;0;0;0;0;0
976;2020-S15;C;0;0;0;0;0;0
976;2020-S15;D;0;0;0;0;0;0
976;2020-S15;E;0;0;0;0;0;0
976;2020-S16;0;0;0;0;0;0;0
976;2020-S16;A;0;0;0;0;0;0
976;2020-S16;B;0;0;0;0;0;0
976;2020-S16;C;0;0;0;0;0;0
976;2020-S16;D;0;0;0;0;0;0
976;2020-S16;E;0;0;0;0;0;0
